# type1 resid1 id1 type2 resid2 id2 distance
CA	1	1	CA	2	2	3.785309	1.000000	2
CA	1	1	CA	3	4	7.298753	0.500000	2
CA	1	1	SC	3	5	7.586053	0.500000	2
CA	1	1	CA	4	6	9.904750	0.666667	2
CA	1	1	SC	4	7	9.160514	0.333333	1
CA	1	1	CA	5	8	13.737239	1.000000	3
CA	1	1	CA	6	10	15.929681	0.600000	3
CA	1	1	SC	6	11	16.335505	0.400000	2
CA	1	1	CA	7	12	18.609986	0.500000	2
CA	1	1	SC	7	13	17.844485	0.500000	2
CA	1	1	SC	8	15	23.846743	1.000000	1
CA	1	1	CA	10	18	22.400131	0.500000	1
CA	1	1	SC	10	19	21.318067	0.500000	1
CA	1	1	CA	12	22	24.044109	1.000000	1
CA	1	1	CA	13	23	22.759388	0.333333	2
CA	1	1	SC	13	24	21.488134	0.666667	4
CA	1	1	CA	14	25	26.482621	0.500000	1
CA	1	1	SC	14	26	29.606695	0.500000	1
CA	1	1	CA	15	27	26.548774	0.333333	1
CA	1	1	SC	15	28	27.138874	0.666667	2
CA	1	1	CA	16	29	24.067443	0.666667	2
CA	1	1	SC	16	30	22.580914	0.333333	1
CA	1	1	CA	17	31	26.400771	0.333333	1
CA	1	1	SC	17	32	28.233168	0.666667	2
CA	1	1	CA	18	33	29.354140	1.000000	1
CA	1	1	CA	19	35	27.375144	0.222222	2
CA	1	1	SC	19	36	26.054983	0.777778	7
CA	1	1	CA	20	37	27.223716	0.666667	2
CA	1	1	SC	20	38	26.528639	0.333333	1
CA	1	1	CA	21	39	30.914416	0.500000	1
CA	1	1	SC	21	40	31.230558	0.500000	1
CA	1	1	CA	22	41	31.735875	1.000000	1
CA	1	1	CA	23	43	29.954851	0.250000	1
CA	1	1	SC	23	44	26.758521	0.750000	3
CA	1	1	CA	24	45	31.721982	0.166667	1
CA	1	1	SC	24	46	32.910695	0.833333	5
CA	1	1	CA	25	47	35.025749	0.666667	2
CA	1	1	SC	25	48	34.882218	0.333333	1
CA	1	1	CA	27	51	33.756637	1.000000	1
CA	1	1	CA	28	53	36.735090	0.600000	3
CA	1	1	SC	28	54	36.585973	0.400000	2
CA	1	1	CA	29	55	39.158897	1.000000	1
CA	1	1	CA	30	57	42.263133	0.333333	1
CA	1	1	SC	30	58	41.898771	0.666667	2
CA	1	1	CA	31	59	42.614350	0.500000	3
CA	1	1	SC	31	60	42.902369	0.500000	3
CA	1	1	CA	32	61	42.608900	0.166667	1
CA	1	1	SC	32	62	45.737482	0.833333	5
CA	1	1	CA	33	63	41.195718	0.750000	3
CA	1	1	SC	33	64	40.933698	0.250000	1
CA	1	1	CA	34	65	37.602286	0.800000	4
CA	1	1	SC	34	66	37.255069	0.200000	1
CA	1	1	CA	35	67	36.066610	0.375000	3
CA	1	1	SC	35	68	37.549198	0.625000	5
CA	1	1	CA	36	69	32.745285	0.666667	4
CA	1	1	SC	36	70	31.477927	0.333333	2
CA	1	1	CA	37	71	32.742290	0.250000	1
CA	1	1	SC	37	72	33.257477	0.750000	3
CA	1	1	CA	38	73	29.788530	0.666667	2
CA	1	1	SC	38	74	33.068013	0.333333	1
CA	1	1	CA	39	75	25.974406	0.500000	1
CA	1	1	SC	39	76	24.719055	0.500000	1
CA	1	1	CA	40	77	24.061699	0.200000	1
CA	1	1	SC	40	78	24.439728	0.800000	4
CA	1	1	CA	41	79	20.708929	0.750000	3
CA	1	1	SC	41	80	19.468758	0.250000	1
CA	1	1	CA	42	81	18.083651	0.500000	1
CA	1	1	SC	42	82	18.893084	0.500000	1
CA	1	1	CA	43	83	14.270298	0.500000	3
CA	1	1	SC	43	84	13.699838	0.500000	3
CA	1	1	CA	44	85	12.577216	0.250000	1
CA	1	1	SC	44	86	13.113393	0.750000	3
CA	1	1	CA	45	87	9.626974	0.500000	3
CA	1	1	SC	45	88	8.880767	0.500000	3
CA	1	1	CA	46	89	9.105969	0.666667	2
CA	1	1	SC	46	90	6.903981	0.333333	1
CA	1	1	CA	47	91	10.677972	0.250000	1
CA	1	1	SC	47	92	11.321213	0.750000	3
CA	1	1	CA	48	93	12.841193	0.333333	1
CA	1	1	SC	48	94	14.558089	0.666667	2
CA	1	1	CA	49	95	14.000881	1.000000	4
CA	1	1	CA	50	96	13.354153	0.600000	3
CA	1	1	SC	50	97	14.073167	0.400000	2
CA	1	1	CA	51	98	14.214072	0.166667	1
CA	1	1	SC	51	99	13.789580	0.833333	5
CA	1	1	CA	52	100	16.095450	0.333333	2
CA	1	1	SC	52	101	17.037016	0.666667	4
CA	1	1	CA	53	102	16.436033	0.333333	1
CA	1	1	SC	53	103	14.453130	0.666667	2
CA	1	1	CA	54	104	19.570502	0.400000	2
CA	1	1	SC	54	105	21.990112	0.600000	3
CA	1	1	CA	55	106	21.839801	0.333333	1
CA	1	1	SC	55	107	19.635976	0.666667	2
CA	1	1	CA	56	108	25.450989	0.500000	2
CA	1	1	SC	56	109	25.674048	0.500000	2
CA	1	1	CA	57	110	28.591094	0.333333	2
CA	1	1	SC	57	111	30.133993	0.666667	4
CA	1	1	CA	58	112	31.353976	0.400000	2
CA	1	1	SC	58	113	30.250589	0.600000	3
CA	1	1	CA	59	114	34.860454	1.000000	2
CA	1	1	CA	60	115	38.239369	0.333333	2
CA	1	1	SC	60	116	37.910966	0.666667	4
CA	1	1	CA	61	117	41.249571	0.500000	3
CA	1	1	SC	61	118	40.745332	0.500000	3
CA	1	1	CA	62	119	44.567485	0.600000	3
CA	1	1	SC	62	120	45.837530	0.400000	2
CA	1	1	SC	63	122	42.898663	1.000000	2
CA	1	1	SC	64	124	43.439237	1.000000	2
CA	1	1	CA	66	127	37.827333	1.000000	1
CA	1	1	CA	69	132	48.169326	1.000000	1
CA	1	1	SC	74	143	44.114622	1.000000	3
CA	1	1	CA	75	144	41.017903	0.400000	2
CA	1	1	SC	75	145	38.072789	0.600000	3
CA	1	1	CA	76	146	44.438248	0.333333	1
CA	1	1	SC	76	147	45.685607	0.666667	2
CA	1	1	CA	79	152	41.166434	0.250000	1
CA	1	1	SC	79	153	41.453155	0.750000	3
CA	1	1	CA	80	154	38.935154	0.750000	3
CA	1	1	SC	80	155	40.769454	0.250000	1
CA	1	1	SC	85	165	32.335088	1.000000	1
CA	1	1	CA	86	166	27.583653	0.500000	1
CA	1	1	SC	86	167	26.290569	0.500000	1
CA	1	1	CA	87	168	25.328806	0.333333	1
CA	1	1	SC	87	169	25.851186	0.666667	2
CA	1	1	CA	88	170	21.873335	0.750000	3
CA	1	1	SC	88	171	20.398556	0.250000	1
CA	1	1	CA	89	172	21.389445	0.250000	1
CA	1	1	SC	89	173	24.346302	0.750000	3
CA	1	1	CA	90	174	18.554418	0.400000	2
CA	1	1	SC	90	175	17.747288	0.600000	3
CA	1	1	CA	91	176	19.265954	0.250000	1
CA	1	1	SC	91	177	20.368762	0.750000	3
CA	1	1	CA	92	178	18.018513	0.500000	3
CA	1	1	SC	92	179	16.072959	0.500000	3
CA	1	1	CA	93	180	18.656810	0.333333	1
CA	1	1	SC	93	181	19.406765	0.666667	2
CA	1	1	CA	94	182	18.457587	0.400000	2
CA	1	1	SC	94	183	17.000712	0.600000	3
