# type1 resid1 id1 type2 resid2 id2 distance
CA	1	1	CA	2	2	3.843570	0.500000	2
CA	1	1	SC	2	3	3.965740	0.500000	2
CA	1	1	CA	3	4	6.551685	0.400000	2
CA	1	1	SC	3	5	8.158944	0.600000	3
CA	1	1	CA	4	6	9.988041	0.666667	2
CA	1	1	SC	4	7	10.743795	0.333333	1
CA	1	1	CA	5	8	12.484667	0.750000	3
CA	1	1	SC	5	9	12.155825	0.250000	1
CA	1	1	CA	6	10	16.125497	1.000000	3
CA	1	1	CA	7	12	18.970896	0.500000	3
CA	1	1	SC	7	13	20.352945	0.500000	3
CA	1	1	CA	8	14	20.598853	1.000000	2
CA	1	1	CA	9	16	18.454435	0.333333	1
CA	1	1	SC	9	17	15.185465	0.666667	2
CA	1	1	CA	10	18	20.502000	0.500000	1
CA	1	1	SC	10	19	22.080017	0.500000	1
CA	1	1	CA	11	20	17.762149	1.000000	3
CA	1	1	CA	12	21	16.764392	0.600000	3
CA	1	1	SC	12	22	15.830004	0.400000	2
CA	1	1	CA	13	23	20.526782	1.000000	1
CA	1	1	CA	14	25	20.999012	0.333333	1
CA	1	1	SC	14	26	23.893233	0.666667	2
CA	1	1	CA	15	27	18.362730	0.666667	2
CA	1	1	SC	15	28	16.868886	0.333333	1
CA	1	1	CA	16	29	19.906794	0.400000	2
CA	1	1	SC	16	30	20.718855	0.600000	3
CA	1	1	CA	17	31	23.434731	0.500000	1
CA	1	1	SC	17	32	25.536076	0.500000	1
CA	1	1	CA	18	33	22.666634	0.142857	1
CA	1	1	SC	18	34	21.615728	0.857143	6
CA	1	1	CA	19	35	21.249532	0.750000	3
CA	1	1	SC	19	36	19.972917	0.250000	1
CA	1	1	CA	20	37	24.149273	0.400000	2
CA	1	1	SC	20	38	24.539499	0.600000	3
CA	1	1	CA	21	39	26.473004	1.000000	1
CA	1	1	CA	22	40	25.445836	0.333333	1
CA	1	1	SC	22	41	24.935478	0.666667	2
CA	1	1	CA	23	42	25.848144	0.333333	3
CA	1	1	SC	23	43	26.613654	0.666667	6
CA	1	1	CA	24	44	29.367496	0.400000	2
CA	1	1	SC	24	45	29.571758	0.600000	3
CA	1	1	CA	25	46	30.337307	1.000000	1
CA	1	1	CA	27	50	31.292067	0.500000	1
CA	1	1	SC	27	51	31.472686	0.500000	1
CA	1	1	CA	29	54	35.433740	0.400000	2
CA	1	1	SC	29	55	34.868046	0.600000	3
CA	1	1	CA	30	56	38.246114	0.400000	2
CA	1	1	SC	30	57	41.538345	0.600000	3
CA	1	1	CA	31	58	36.471030	0.500000	4
CA	1	1	SC	31	59	39.835767	0.500000	4
CA	1	1	CA	32	60	33.455720	0.428571	3
CA	1	1	SC	32	61	32.003134	0.571429	4
CA	1	1	CA	33	62	30.441763	0.600000	3
CA	1	1	SC	33	63	30.184900	0.400000	2
CA	1	1	CA	34	64	28.276013	0.333333	3
CA	1	1	SC	34	65	30.951696	0.666667	6
CA	1	1	CA	35	66	25.394256	0.750000	3
CA	1	1	SC	35	67	24.076939	0.250000	1
CA	1	1	CA	36	68	27.200573	0.333333	2
CA	1	1	SC	36	69	28.527952	0.666667	4
CA	1	1	CA	37	70	24.009905	0.500000	2
CA	1	1	SC	37	71	23.758085	0.500000	2
CA	1	1	CA	38	72	20.436123	0.250000	1
CA	1	1	SC	38	73	19.738350	0.750000	3
CA	1	1	CA	39	74	18.946673	0.250000	1
CA	1	1	SC	39	75	19.552841	0.750000	3
CA	1	1	CA	40	76	15.243789	0.333333	2
CA	1	1	SC	40	77	11.943342	0.666667	4
CA	1	1	CA	41	78	13.323408	0.500000	1
CA	1	1	SC	41	79	14.248893	0.500000	1
CA	1	1	CA	42	80	9.700887	0.400000	2
CA	1	1	SC	42	81	8.658890	0.600000	3
CA	1	1	CA	43	82	8.402780	0.200000	1
CA	1	1	SC	43	83	11.103452	0.800000	4
CA	1	1	CA	44	84	6.385469	0.400000	2
CA	1	1	SC	44	85	4.250464	0.600000	3
CA	1	1	CA	45	86	8.680991	0.250000	1
CA	1	1	SC	45	87	9.718406	0.750000	3
CA	1	1	CA	46	88	9.939096	0.500000	2
CA	1	1	SC	46	89	9.555511	0.500000	2
CA	1	1	CA	47	90	13.723513	0.500000	1
CA	1	1	SC	47	91	14.550502	0.500000	1
CA	1	1	CA	48	92	13.961268	1.000000	2
CA	1	1	CA	49	93	11.787404	0.500000	2
CA	1	1	SC	49	94	12.258090	0.500000	2
CA	1	1	CA	50	95	10.437589	0.333333	1
CA	1	1	SC	50	96	10.047932	0.666667	2
CA	1	1	CA	51	97	11.517246	0.333333	2
CA	1	1	SC	51	98	13.658799	0.666667	4
CA	1	1	CA	52	99	11.273925	0.333333	1
CA	1	1	SC	52	100	8.521316	0.666667	2
CA	1	1	CA	53	101	14.558207	0.400000	2
CA	1	1	SC	53	102	15.432658	0.600000	3
CA	1	1	CA	54	103	16.620087	0.250000	1
CA	1	1	SC	54	104	15.000240	0.750000	3
CA	1	1	CA	55	105	20.149756	0.500000	2
CA	1	1	SC	55	106	20.215415	0.500000	2
CA	1	1	CA	56	107	23.624059	0.200000	1
CA	1	1	SC	56	108	24.399348	0.800000	4
CA	1	1	CA	57	109	26.122406	0.400000	2
CA	1	1	SC	57	110	25.053280	0.600000	3
CA	1	1	CA	58	111	29.849017	1.000000	2
CA	1	1	CA	59	112	32.863584	0.333333	2
CA	1	1	SC	59	113	35.250713	0.666667	4
CA	1	1	CA	60	114	35.131086	0.400000	2
CA	1	1	SC	60	115	34.400560	0.600000	3
CA	1	1	CA	61	116	38.866331	0.600000	3
CA	1	1	SC	61	117	39.734169	0.400000	2
CA	1	1	CA	62	118	38.792845	0.500000	2
CA	1	1	SC	62	119	37.165127	0.500000	2
CA	1	1	SC	72	139	31.545682	1.000000	2
CA	1	1	CA	73	140	37.050644	0.166667	1
CA	1	1	SC	73	141	38.281938	0.833333	5
CA	1	1	CA	74	142	38.522533	1.000000	1
CA	1	1	CA	75	144	39.566010	1.000000	2
CA	1	1	CA	76	146	36.677237	1.000000	1
CA	1	1	CA	80	154	32.790543	0.500000	2
CA	1	1	SC	80	155	34.805806	0.500000	2
CA	1	1	CA	81	156	29.434115	0.250000	1
CA	1	1	SC	81	157	28.411496	0.750000	3
CA	1	1	CA	82	158	26.503244	0.500000	1
CA	1	1	SC	82	159	26.560971	0.500000	1
CA	1	1	CA	83	160	22.961544	0.500000	2
CA	1	1	SC	83	161	20.222929	0.500000	2
CA	1	1	CA	84	162	20.576104	0.333333	1
CA	1	1	SC	84	163	22.432187	0.666667	2
CA	1	1	CA	85	164	16.885726	0.666667	2
CA	1	1	SC	85	165	16.273751	0.333333	1
CA	1	1	CA	86	166	16.408543	0.250000	1
CA	1	1	SC	86	167	19.496866	0.750000	3
CA	1	1	CA	87	168	13.808461	0.285714	2
CA	1	1	SC	87	169	12.237664	0.714286	5
CA	1	1	CA	88	170	15.120445	0.250000	1
CA	1	1	SC	88	171	16.242772	0.750000	3
CA	1	1	CA	89	172	14.556115	0.400000	2
CA	1	1	SC	89	173	15.007403	0.600000	3
CA	1	1	CA	90	174	16.251469	0.500000	1
CA	1	1	SC	90	175	16.239816	0.500000	1
CA	1	1	CA	91	176	17.739051	0.600000	3
CA	1	1	SC	91	177	18.021900	0.400000	2
