#! FIELDS orien.z projection
#! SET min_orien.z -6.48537
#! SET max_orien.z 6.54894
#! SET nbins_orien.z  247
#! SET periodic_orien.z false
   -6.485370000   33.267935853
   -6.432385000   33.267900998
   -6.379400000   33.267789223
   -6.326415000   33.267407809
   -6.273430000   33.266237652
   -6.220445000   33.263025057
   -6.167460000   33.254688297
   -6.114475000   33.232937244
   -6.061490000   33.170706467
   -6.008505000   32.962665959
   -5.955520000   32.266744131
   -5.902535000   30.750276946
   -5.849550000   28.816559146
   -5.796565000   26.966538700
   -5.743580000   25.398977014
   -5.690595000   24.106720531
   -5.637610000   23.003609566
   -5.584625000   22.063768813
   -5.531640000   21.384905332
   -5.478655000   21.126302825
   -5.425670000   21.373556045
   -5.372685000   22.048788824
   -5.319700000   22.923546348
   -5.266715000   23.706275621
   -5.213730000   24.132086464
   -5.160745000   24.014496158
   -5.107760000   23.305338759
   -5.054775000   22.118923865
   -5.001790000   20.712487733
   -4.948805000   19.403067000
   -4.895820000   18.456101079
   -4.842835000   17.994006529
   -4.789850000   17.955444278
   -4.736865000   18.127445643
   -4.683880000   18.269668306
   -4.630895000   18.176738811
   -4.577910000   17.692966354
   -4.524925000   17.163248082
   -4.471940000   16.798156032
   -4.418955000   16.446808794
   -4.365970000   16.190805133
   -4.312985000   16.009458048
   -4.260000000   15.833415719
   -4.207015000   15.842139028
   -4.154030000   16.349775622
   -4.101045000   17.415608437
   -4.048060000   18.420916256
   -3.995075000   18.521042973
   -3.942090000   18.094954133
   -3.889105000   17.518904451
   -3.836120000   16.882339567
   -3.783135000   16.240670182
   -3.730150000   15.657266950
   -3.677165000   15.143107019
   -3.624180000   14.631404436
   -3.571195000   14.048117419
   -3.518210000   13.405353502
   -3.465225000   12.811843119
   -3.412240000   12.385591652
   -3.359255000   12.163901361
   -3.306270000   12.095429604
   -3.253285000   12.144430211
   -3.200300000   12.382541188
   -3.147315000   12.934586275
   -3.094330000   13.820750395
   -3.041345000   14.824805372
   -2.988360000   15.536191171
   -2.935375000   15.775337778
   -2.882390000   15.730404504
   -2.829405000   15.409464930
   -2.776420000   14.999350859
   -2.723435000   14.895322135
   -2.670450000   15.212002460
   -2.617465000   15.726629478
   -2.564480000   16.078721507
   -2.511495000   16.025144558
   -2.458510000   15.562970701
   -2.405525000   14.893947677
   -2.352540000   14.269513727
   -2.299555000   13.822461788
   -2.246570000   13.481268122
   -2.193585000   13.027998684
   -2.140600000   12.262173972
   -2.087615000   11.168875633
   -2.034630000    9.975127388
   -1.981645000    9.035506587
   -1.928660000    8.663610869
   -1.875675000    8.986682380
   -1.822690000    9.901728237
   -1.769705000   11.125258436
   -1.716720000   12.318225874
   -1.663735000   13.209647818
   -1.610750000   13.647958972
   -1.557765000   13.632540056
   -1.504780000   13.308675877
   -1.451795000   12.835219778
   -1.398810000   12.340429574
   -1.345825000   11.876334411
   -1.292840000   11.374511327
   -1.239855000   10.723868408
   -1.186870000    9.960863258
   -1.133885000    9.426137473
   -1.080900000    9.605069648
   -1.027915000   10.781778213
   -0.974930000   12.804884506
   -0.921945000   14.982634585
   -0.868960000   16.423304988
   -0.815975000   17.372299491
   -0.762990000   18.031200869
   -0.710005000   17.997585861
   -0.657020000   17.380345824
   -0.604035000   16.428464486
   -0.551050000   15.325285963
   -0.498065000   14.298851888
   -0.445080000   13.574458801
   -0.392095000   13.252154508
   -0.339110000   13.288131566
   -0.286125000   13.457019886
   -0.233140000   13.296995615
   -0.180155000   13.024020178
   -0.127170000   13.299322073
   -0.074185000   14.229807244
   -0.021200000   15.459029843
    0.031785000   16.115222726
    0.084770000   15.990041708
    0.137755000   15.950966167
    0.190740000   16.199697645
    0.243725000   16.310692019
    0.296710000   15.940304235
    0.349695000   15.086495725
    0.402680000   13.941587905
    0.455665000   12.942438135
    0.508650000   12.468627033
    0.561635000   12.699385944
    0.614620000   13.541365560
    0.667605000   14.706223488
    0.720590000   15.790633024
    0.773575000   16.241887904
    0.826560000   15.561662361
    0.879545000   14.101673353
    0.932530000   12.611014293
    0.985515000   11.344532336
    1.038500000   10.307336734
    1.091485000    9.490964030
    1.144470000    8.954545263
    1.197455000    8.617446304
    1.250440000    8.077352480
    1.303425000    6.901342911
    1.356410000    5.071396578
    1.409395000    3.001285234
    1.462380000    1.238767268
    1.515365000    0.187962849
    1.568350000    0.000000000
    1.621335000    0.603071551
    1.674320000    1.764428422
    1.727305000    2.961313873
    1.780290000    3.379382778
    1.833275000    3.168732501
    1.886260000    2.929845211
    1.939245000    2.885656861
    1.992230000    3.244938972
    2.045215000    4.253516519
    2.098200000    5.952293762
    2.151185000    8.122162944
    2.204170000   10.425895809
    2.257155000   12.535221274
    2.310140000   14.132222806
    2.363125000   14.854561965
    2.416110000   15.013012754
    2.469095000   14.694114482
    2.522080000   13.894755002
    2.575065000   13.470551174
    2.628050000   13.910966060
    2.681035000   14.660753092
    2.734020000   15.099846017
    2.787005000   15.641922138
    2.839990000   16.182888758
    2.892975000   16.199627700
    2.945960000   15.612484512
    2.998945000   14.437782680
    3.051930000   12.625626329
    3.104915000   11.187116475
    3.157900000   10.769426578
    3.210885000   11.217656774
    3.263870000   11.902688092
    3.316855000   12.349326403
    3.369840000   12.544138513
    3.422825000   12.457250911
    3.475810000   12.364276164
    3.528795000   12.691874464
    3.581780000   13.351034986
    3.634765000   13.549898788
    3.687750000   13.287496656
    3.740735000   13.087221064
    3.793720000   13.089341206
    3.846705000   13.253181749
    3.899690000   13.503166364
    3.952675000   13.786761418
    4.005660000   14.176891876
    4.058645000   14.744409528
    4.111630000   15.419995281
    4.164615000   16.198594594
    4.217600000   17.151267902
    4.270585000   18.179563099
    4.323570000   18.781886315
    4.376555000   19.134755360
    4.429540000   19.928299902
    4.482525000   21.099345956
    4.535510000   22.156721533
    4.588495000   22.673651009
    4.641480000   22.834804075
    4.694465000   22.977457181
    4.747450000   23.154099012
    4.800435000   23.423798469
    4.853420000   23.862159838
    4.906405000   24.425220753
    4.959390000   24.929309427
    5.012375000   25.006102268
    5.065360000   24.397398348
    5.118345000   23.562856290
    5.171330000   23.179113178
    5.224315000   23.563616506
    5.277300000   24.363879278
    5.330285000   24.858365764
    5.383270000   24.901594022
    5.436255000   24.890286966
    5.489240000   25.333120215
    5.542225000   26.170189724
    5.595210000   26.368828985
    5.648195000   26.129918146
    5.701180000   26.360398713
    5.754165000   27.275802022
    5.807150000   28.221955767
    5.860135000   27.968399112
    5.913120000   27.559930390
    5.966105000   27.757723574
    6.019090000   28.702632628
    6.072075000   30.214954273
    6.125060000   31.793313758
    6.178045000   32.772171504
    6.231030000   33.115725696
    6.284015000   33.215758294
    6.337000000   33.248597483
    6.389985000   33.260714282
    6.442970000   33.265411845
    6.495955000   33.267133191
    6.548940000   33.267718532
