#! FIELDS time dcore.z all sigma_dcore.z sigma_all height biasf
#! SET multivariate false
                   0.25      3.000694838096934      259.1373834946964                   0.05                      6      2.222222222222222                     10
                    0.5      2.975138334838903      259.1868181037393                   0.05                      6      1.839265873289887                     10
                   0.75      2.966531605682121      258.9734241066221                   0.05                      6      1.571827705395613                     10
                      1      2.963084173389348      258.3292792147045                   0.05                      6      1.369980637925136                     10
                   1.25      2.947438403116962      251.1071965235156                   0.05                      6      1.760265012405277                     10
                    1.5      2.925031629376917      250.9551857662641                   0.05                      6      1.622484962647088                     10
                   1.75      2.891567308508911      253.4159487160328                   0.05                      6      1.634082808840409                     10
                      2      2.865000022599702      257.6523826186726                   0.05                      6      1.763449199213422                     10
                   2.25      2.841511133717631      263.1084931365922                   0.05                      6      1.912183702818647                     10
                    2.5      2.813862425485922      259.1891677794038                   0.05                      6      1.700462223465911                     10
                   2.75      2.794504761514531       253.413751663764                   0.05                      6      1.803751826294981                     10
                      3      2.793919102929294      247.4562857029676                   0.05                      6      1.878746172218386                     10
                   3.25      2.775206730703417       247.833814331805                   0.05                      6      1.619979666795829                     10
                    3.5      2.785288831632897      246.7961275732884                   0.05                      6      1.396806451570308                     10
                   3.75      2.805484046352262      249.3963677132353                   0.05                      6      1.135055114355364                     10
                      4       2.82739436505949      246.6193380451792                   0.05                      6      1.218491857640816                     10
                   4.25      2.869375232673974      241.8492616179822                   0.05                      6      1.746246798916575                     10
                    4.5      2.926790685391438      240.3903736343936                   0.05                      6      1.849816529640327                     10
                   4.75      2.962553345543598      243.2178110950479                   0.05                      6      1.625602613110543                     10
                      5      3.007596158578849      236.2561529180564                   0.05                      6      2.010312295202932                     10
                   5.25      3.043003643268207      238.4633230456367                   0.05                      6      1.838439729369159                     10
                    5.5      3.077851624116192      238.3948006728071                   0.05                      6      1.786212525839753                     10
                   5.75      3.126787300699902      238.2765848996009                   0.05                      6      1.889232438530314                     10
                      6      3.158764217594694      237.2920706768763                   0.05                      6      1.806110761111382                     10
                   6.25       3.17063769408037      239.2100364870516                   0.05                      6      1.608179365423266                     10
                    6.5      3.174787743220691      242.1105061831302                   0.05                      6      1.519863868130092                     10
                   6.75       3.17845492389381      242.4145430832642                   0.05                      6      1.348272401818208                     10
                      7      3.201251517545529       242.413317536296                   0.05                      6      1.350512373438676                     10
                   7.25      3.239366708726266       240.821923898701                   0.05                      6      1.597506123160724                     10
                    7.5      3.284605575276486      239.9461387717936                   0.05                      6      1.863160123907682                     10
                   7.75      3.303313792035282      235.1542947804823                   0.05                      6      1.845332087698617                     10
                      8      3.304217709972477      226.6484664503598                   0.05                      6      2.040135787345699                     10
                   8.25      3.298872449312853      229.6131697053727                   0.05                      6      1.566139214296925                     10
                    8.5      3.269072950515124      223.1316441462246                   0.05                      6      1.770767631274748                     10
                   8.75      3.240891981678828      225.9060651013614                   0.05                      6      1.576811804020615                     10
                      9      3.204485202062983      225.5394834122143                   0.05                      6      1.667045556277194                     10
                   9.25      3.167145579803333       219.538820159783                   0.05                      6      1.953540651003793                     10
                    9.5       3.14114633369627      224.6472316375768                   0.05                      6      1.703157351485252                     10
                   9.75      3.113761809461267      227.4978767664603                   0.05                      6      1.582805714670449                     10
                     10      3.092214034851963      228.3074830652618                   0.05                      6      1.462884012642141                     10
                  10.25      3.074951510545248      229.6462761083072                   0.05                      6      1.319876159871891                     10
                   10.5      3.054286696030885      228.2985800824087                   0.05                      6      1.358508358947738                     10
                  10.75      3.021854410046672      226.8884300954825                   0.05                      6      1.545644737414902                     10
                     11      2.961302376889989      227.8171889383129                   0.05                      6      1.832669772989794                     10
                  11.25      2.910693351664691      232.6226535567185                   0.05                      6      1.727191235816293                     10
                   11.5      2.892348399130924      226.4467889719592                   0.05                      6      1.846985594953414                     10
                  11.75      2.889177974370227      220.0034584657194                   0.05                      6      1.918914202975405                     10
                     12      2.908963753675949      214.6077771307693                   0.05                      6      1.909891913422113                     10
                  12.25      2.951619152185572      217.0054028692347                   0.05                      6      1.684215536302127                     10
                   12.5      3.005534907210858      218.9203466624889                   0.05                      6      1.672099494340823                     10
                  12.75      3.052805773706382      221.3892909064764                   0.05                      6      1.370879072564887                     10
                     13      3.091775007544583      226.7503876384799                   0.05                      6     0.9363256732663073                     10
                  13.25      3.122648281892566      226.4112356948056                   0.05                      6     0.9239962300481703                     10
                   13.5      3.157131182615558      225.0155727131308                   0.05                      6     0.9940045270424235                     10
                  13.75      3.170046958090893      218.0974157945728                   0.05                      6      1.357688797372886                     10
                     14      3.174426199931872      211.5637482292142                   0.05                      6      1.828866350482326                     10
                  14.25      3.157911927625037      212.4242980772699                   0.05                      6      1.480910615240782                     10
                   14.5      3.132085541302558      215.9227555976096                   0.05                      6      1.181959688751954                     10
                  14.75      3.081562212871063      214.1375417734216                   0.05                      6      1.539302049730059                     10
                     15      3.033097890677823       207.948162589994                   0.05                      6      1.956214687637006                     10
                  15.25      3.001840152147679      207.2000168956938                   0.05                      6      1.728768257432366                     10
                   15.5      2.970762252833765      201.4834273820328                   0.05                      6      1.906073666600435                     10
                  15.75      2.954423475249541       203.730604874448                   0.05                      6      1.578672110630438                     10
                     16      2.955092424230656       210.816991745103                   0.05                      6      1.289141502583972                     10
                  16.25      2.963205992284657      209.5020617753561                   0.05                      6      1.125323817524322                     10
                   16.5      2.966113978791896      206.0899635844632                   0.05                      6      1.054917750022995                     10
                  16.75      2.965887626353947      205.4177477880449                   0.05                      6     0.9721774480859311                     10
                     17      2.971362698984307      210.2764607581896                   0.05                      6     0.8616216113453835                     10
                  17.25      2.967211461187276      210.8803148147149                   0.05                      6     0.8054940227505779                     10
                   17.5       2.96534714034749      214.5008575970234                   0.05                      6     0.8512548711018717                     10
                  17.75      2.963435597395688      217.5099191021907                   0.05                      6     0.8990866463795733                     10
                     18      2.987056328308881      219.0450387314073                   0.05                      6     0.9079112866074982                     10
                  18.25      3.026216944162457      221.9613644560774                   0.05                      6     0.9185864499350898                     10
                   18.5       3.05884619261235       220.873978325297                   0.05                      6      0.863412496100645                     10
                  18.75      3.081585432896077      215.5193926897315                   0.05                      6      1.017435638472651                     10
                     19      3.087570946082678      217.5081926923745                   0.05                      6     0.8444888853515505                     10
                  19.25      3.080908766667676      215.8521162580528                   0.05                      6     0.8397431833716579                     10
                   19.5      3.085303259458669      213.5520666554008                   0.05                      6     0.8807990879962181                     10
                  19.75      3.100788443034049      205.5672989284889                   0.05                      6       1.54220349077379                     10
                     20      3.126627568790922      199.7777876609201                   0.05                      6      1.914739832186064                     10
                  20.25      3.125597836527732      201.6193494203786                   0.05                      6      1.485391102061792                     10
                   20.5      3.126890825677151      205.3737387415657                   0.05                      6      1.130790742055237                     10
                  20.75      3.121990095143587      209.9659232211009                   0.05                      6     0.8456826608723227                     10
                     21      3.120322213368922      209.2705661968535                   0.05                      6     0.7980307522256801                     10
                  21.25      3.129895044402816      210.3560794562925                   0.05                      6      0.727217093607864                     10
                   21.5      3.151206313194734      200.1157247113905                   0.05                      6      1.308144151099495                     10
                  21.75      3.179068728917968      202.3404910503241                   0.05                      6      1.294734040368471                     10
                     22      3.204850321552613       201.638666763362                   0.05                      6      1.488613658832237                     10
                  22.25      3.230966362190202      203.8153449132683                   0.05                      6       1.56726668425009                     10
                   22.5      3.250116323654311      205.4908942294094                   0.05                      6      1.566165900230808                     10
                  22.75      3.245576424324099      212.7495956511264                   0.05                      6      1.480396918068508                     10
                     23      3.253279470208099      214.9763840810629                   0.05                      6      1.347639647737416                     10
                  23.25      3.259633799600011      214.2859474894101                   0.05                      6      1.237501897784333                     10
                   23.5      3.293447827203408       213.242097832704                   0.05                      6      1.425691137148143                     10
                  23.75      3.360163835369577      215.0369183417413                   0.05                      6       1.94543674471512                     10
                     24       3.41495380396168      220.3810211393868                   0.05                      6      2.030675125675367                     10
                  24.25      3.457189266057981      222.3315248335568                   0.05                      6      1.919594178238586                     10
                   24.5      3.502171691892499      222.3399755004796                   0.05                      6      1.881191292416577                     10
                  24.75      3.539731367993681      220.3494685037934                   0.05                      6      1.848523102901848                     10
                     25      3.569632339723512      214.2034160741638                   0.05                      6      1.961282396237397                     10
                  25.25      3.594398156903366      216.6025266731652                   0.05                      6      1.712925607054142                     10
                   25.5      3.600463318674656       223.848668485773                   0.05                      6      1.776866569857402                     10
                  25.75      3.593388109323427      228.8858802109459                   0.05                      6      1.806535377731785                     10
                     26       3.58045757152695      224.5329538193928                   0.05                      6      1.272866000037852                     10
                  26.25      3.570675745745006      228.0185662884794                   0.05                      6      1.307308334178307                     10
                   26.5      3.570364815811899      227.5592217918854                   0.05                      6      1.124111590106564                     10
                  26.75      3.558995945571155      224.6984681284848                   0.05                      6     0.9258299247992913                     10
                     27      3.531933211225464      226.4212194966279                   0.05                      6      1.022127157392681                     10
                  27.25      3.502740335466115      230.1798644657208                   0.05                      6      1.431469645442765                     10
                   27.5      3.468697543348753      228.2676641500185                   0.05                      6      1.358435055045787                     10
                  27.75      3.403382295167603      222.6449842364608                   0.05                      6      1.397302763520476                     10
                     28      3.334829337603651      221.9775672049076                   0.05                      6      1.261487434994827                     10
                  28.25      3.289521410571866      214.7856865313831                   0.05                      6      1.052255468448935                     10
                   28.5      3.272240100902763       217.115804960383                   0.05                      6     0.8807467210742381                     10
                  28.75      3.250529188352402      216.4648787883084                   0.05                      6     0.7843148892840008                     10
                     29       3.24360447145125      217.9925461266911                   0.05                      6     0.7351489206102063                     10
                  29.25       3.24261975375407      218.3660913224037                   0.05                      6     0.6886124451013691                     10
                   29.5      3.222911214952546      212.7296658253592                   0.05                      6     0.6842730747455736                     10
                  29.75      3.213095711448091      208.9072696881826                   0.05                      6     0.7312607273255533                     10
                     30      3.202815384024689      205.9729580759295                   0.05                      6     0.7469776693932482                     10
                  30.25      3.197134330818017      206.1689054445875                   0.05                      6     0.6765675376967922                     10
                   30.5      3.200069093937258      207.9448517121627                   0.05                      6     0.6011728797710302                     10
                  30.75      3.199326727508946      212.1425800389334                   0.05                      6     0.5353890257824072                     10
                     31       3.20147201253576       208.663873189989                   0.05                      6     0.5343442038791895                     10
                  31.25      3.216152265366077      205.8367524153266                   0.05                      6     0.6123167230954778                     10
                   31.5      3.244839189368918      203.4147631173146                   0.05                      6      0.879496539990784                     10
                  31.75      3.288739299486565       203.821072197267                   0.05                      6      1.271196533518688                     10
                     32      3.347461043286444      201.5873442951298                   0.05                      6      1.921622551074548                     10
                  32.25      3.382145892855988      198.8930312517414                   0.05                      6      1.893705256512419                     10
                   32.5      3.386251014972572      201.1821193004297                   0.05                      6      1.568750812853291                     10
                  32.75      3.389827617661468      208.5585891867177                   0.05                      6      1.533231645718132                     10
                     33      3.379149276258318      210.2989887888789                   0.05                      6      1.269387555785542                     10
                  33.25      3.379598735460831      209.0569125747345                   0.05                      6      1.127298924693883                     10
                   33.5      3.372471955614174      205.1258957438507                   0.05                      6      1.012217587181441                     10
                  33.75      3.360273195423247      203.8439319832532                   0.05                      6     0.9289645476435705                     10
                     34      3.346124458021222        209.31956476347                   0.05                      6     0.8313259605747602                     10
                  34.25       3.32253080848318      210.3119751840555                   0.05                      6     0.7519860578906101                     10
                   34.5      3.310388593260427      211.1604230860884                   0.05                      6     0.6716613970185242                     10
                  34.75      3.317982592043336      210.8011617053026                   0.05                      6     0.6469584350524579                     10
                     35      3.314662368445625      208.6124732154934                   0.05                      6     0.6279923608603245                     10
                  35.25      3.316174031403421      210.6102640501882                   0.05                      6     0.5714057727440075                     10
                   35.5      3.313951757880317      212.1842143488907                   0.05                      6     0.5395985273772701                     10
                  35.75      3.293828819652731      219.5198717427168                   0.05                      6     0.6409511108280768                     10
                     36      3.278296981525842      224.5847540572713                   0.05                      6      0.758945522358467                     10
                  36.25      3.280976598463781      219.4118652836717                   0.05                      6     0.5385198272806129                     10
                   36.5      3.280272070648493      220.2767963020637                   0.05                      6     0.5338141805409947                     10
                  36.75      3.268812715755302      219.7068552047313                   0.05                      6     0.4799063407719215                     10
                     37      3.251460184783923      223.5081254775604                   0.05                      6     0.5947228137044814                     10
                  37.25      3.214866506461363      225.8524274851715                   0.05                      6     0.7566030379366292                     10
                   37.5      3.173002491907368      226.5766923781979                   0.05                      6     0.7443954987575659                     10
                  37.75      3.143534122451115      223.3230702489547                   0.05                      6     0.5857097979729849                     10
                     38      3.124497778077852       221.728404640493                   0.05                      6     0.5392475078599628                     10
                  38.25      3.127354392198072      224.7949406381699                   0.05                      6     0.5377342866734972                     10
                   38.5      3.145996363554104      229.1326382933372                   0.05                      6     0.6537770245919321                     10
                  38.75      3.179124404779827      222.6063691088503                   0.05                      6     0.5138449393251102                     10
                     39      3.221145796024416       223.876579082003                   0.05                      6     0.5331560274393798                     10
                  39.25       3.25661535438428      226.7695098314891                   0.05                      6     0.6267470784282626                     10
                   39.5      3.280933722800796      227.6985912534787                   0.05                      6     0.6731107864486457                     10
                  39.75      3.282323086402811      226.6639428879638                   0.05                      6     0.5870198304738392                     10
                     40      3.285841335767827      228.6388594167742                   0.05                      6     0.6563978370848498                     10
                  40.25      3.295411381049576      230.0214778147538                   0.05                      6     0.7222844032311603                     10
                   40.5       3.32073113417266      223.5604565578074                   0.05                      6      0.620213476213389                     10
                  40.75      3.350762322190803      220.0081860603717                   0.05                      6      0.738420999737052                     10
                     41      3.387879880825722      219.4725941587333                   0.05                      6     0.8873628764991418                     10
                  41.25      3.407258934321931      220.4229485936058                   0.05                      6     0.9056480441086795                     10
                   41.5      3.418443216159517      227.3151568046327                   0.05                      6      1.186965934166013                     10
                  41.75      3.424199524629899      228.6005634723265                   0.05                      6      1.159180528096664                     10
                     42      3.436988937438627      226.1105129291272                   0.05                      6     0.8681472757920268                     10
                  42.25      3.445757203527933         219.1604244321                   0.05                      6     0.8754893844804389                     10
                   42.5       3.46078683958865      214.1636472368195                   0.05                      6      1.256295736292218                     10
                  42.75      3.481569253007138      212.3304042727553                   0.05                      6      1.385043941382868                     10
                     43      3.491732943853662      203.9433119792259                   0.05                      6      1.886842467793733                     10
                  43.25      3.474073425161919       208.989900230379                   0.05                      6      1.265951179475783                     10
                   43.5      3.454896656519963       209.806134174994                   0.05                      6      1.007483920080873                     10
                  43.75      3.456830021887641      210.3440876476236                   0.05                      6     0.9053365974382087                     10
                     44      3.454410302334168      210.6107124352597                   0.05                      6     0.8136674354397039                     10
                  44.25      3.466712837222872       214.437928882406                   0.05                      6     0.7265843796222738                     10
                   44.5      3.469221012941262      220.1970055755268                   0.05                      6     0.6360370618962012                     10
                  44.75      3.466151108634108      221.7414093469632                   0.05                      6     0.5965529603864493                     10
                     45      3.457049544377355      222.9053918846113                   0.05                      6     0.5670624732005443                     10
                  45.25         3.464158184957      218.8036399222541                   0.05                      6     0.5400692939704319                     10
                   45.5      3.478199164749753       213.770399312004                   0.05                      6     0.6530261575471747                     10
                  45.75      3.475319396293344      201.8210977118277                   0.05                      6      1.342498654473005                     10
                     46      3.460012728242532      202.0582362128647                   0.05                      6      1.089710423587848                     10
                  46.25      3.453139779727508      196.6360745139684                   0.05                      6      1.466139862012517                     10
                   46.5      3.444688909063416      193.4549442552974                   0.05                      6      1.563812052357283                     10
                  46.75      3.458094160141059      191.4289295659661                   0.05                      6      1.558446890298079                     10
                     47      3.461316822883873      192.2149465765375                   0.05                      6      1.292372734736415                     10
                  47.25      3.453536511989341      196.5592080677342                   0.05                      6     0.9201082549835011                     10
                   47.5      3.456128336857773      195.4684207858962                   0.05                      6     0.8840219474484591                     10
                  47.75      3.459703360214804      195.2902732142742                   0.05                      6     0.8272411369810465                     10
                     48      3.469004164950888      187.0175642357392                   0.05                      6      1.461983118671391                     10
                  48.25      3.489729329322131      181.5922077841073                   0.05                      6      1.868439344488912                     10
                   48.5      3.497042698542714      183.2800224634022                   0.05                      6      1.487697235598841                     10
                  48.75        3.5007875511468      181.2540894848136                   0.05                      6      1.415417789046578                     10
                     49      3.486859500324613      186.9125485209502                   0.05                      6     0.9927872968827133                     10
                  49.25      3.474019632072895      189.1081656530381                   0.05                      6      0.814607209193676                     10
                   49.5      3.449780081241442      184.4178021758181                   0.05                      6      1.034899906983206                     10
                  49.75      3.416620859796353      181.8503628263989                   0.05                      6      1.491110175821867                     10
                     50      3.366004023643541      183.3200685898826                   0.05                      6      1.829897776043742                     10
                  50.25      3.278476029679496      183.8455823337384                   0.05                      6      2.124199046778322                     10
                   50.5      3.206074265399366      188.3768111806791                   0.05                      6       1.98746314609533                     10
                  50.75      3.156197531519069      191.8307462366111                   0.05                      6      1.589603684760511                     10
                     51      3.117224547474393      188.4660633008991                   0.05                      6      1.802344718049588                     10
                  51.25      3.085457154692221      189.0288799109094                   0.05                      6       1.70978172921857                     10
                   51.5      3.054903829951172      192.6845708649054                   0.05                      6      1.628056080829868                     10
                  51.75      3.033093010626544       195.942080612942                   0.05                      6      1.445828245856035                     10
                     52      3.037401135838991      196.4733690882244                   0.05                      6      1.225146282023099                     10
                  52.25      3.043115714638134      197.0432993865732                   0.05                      6       1.05870179518109                     10
                   52.5      3.048868353052399      193.9587348300269                   0.05                      6      1.022780572852489                     10
                  52.75      3.047249391987066       190.962077360803                   0.05                      6      1.075221895419077                     10
                     53      3.048426095209038      186.0608814427054                   0.05                      6      1.381934407908267                     10
                  53.25      3.053334626181936      181.4745114220552                   0.05                      6      1.663414319113798                     10
                   53.5      3.081030943509404      180.8048030239174                   0.05                      6      1.483139582182256                     10
                  53.75      3.100680896574772      182.9802950681471                   0.05                      6      1.194279558027844                     10
                     54      3.128833565992863      180.0551523295841                   0.05                      6         1.473355099769                     10
                  54.25      3.167033405838993      180.2657810591276                   0.05                      6      1.556992034853569                     10
                   54.5      3.224729656780597      179.1345610978878                   0.05                      6      1.712463543835825                     10
                  54.75      3.273962738516616      179.0064181140052                   0.05                      6       1.61500139250445                     10
                     55      3.321858743539678      177.9478965371367                   0.05                      6       1.61860735438686                     10
                  55.25      3.365440850159302      175.1387880139086                   0.05                      6      1.687613067844164                     10
                   55.5      3.405921808933954      171.8710899488849                   0.05                      6      1.783451513652928                     10
                  55.75      3.432380820014486      168.2653022434582                   0.05                      6      1.824305966946086                     10
                     56      3.431407325116424      166.8534329579557                   0.05                      6      1.602895876577971                     10
                  56.25      3.413861657223833      161.6887800724368                   0.05                      6      1.745345409793973                     10
                   56.5      3.378602174526009      159.2012934010776                   0.05                      6      1.794794184116462                     10
                  56.75      3.344080916502322      163.8290987915183                   0.05                      6      1.660970459990147                     10
                     57      3.310291004134456       168.284057770005                   0.05                      6      1.643731302160578                     10
                  57.25       3.26567850631875      176.4651993726329                   0.05                      6      1.291022387797104                     10
                   57.5      3.220031778947146      175.2107605419126                   0.05                      6      1.393556532485508                     10
                  57.75      3.186251447841073      173.6011635260185                   0.05                      6      1.483140245906309                     10
                     58      3.149443518773297      169.6688719927924                   0.05                      6      1.772629335130573                     10
                  58.25      3.100004362546542      163.2797362928454                   0.05                      6      2.061084675421125                     10
                   58.5      3.053441373346572      165.7795141318824                   0.05                      6       1.89688758899545                     10
                  58.75      3.016493435724214      169.9674664027843                   0.05                      6      1.850903291205156                     10
                     59      2.977617774658939      169.8857143064357                   0.05                      6      1.822984989672289                     10
                  59.25      2.928237872344539      168.5284002072139                   0.05                      6      1.911546542620661                     10
                   59.5      2.888552571690184      168.2208298609732                   0.05                      6      1.861356147074955                     10
                  59.75      2.857104814566469      165.9304345607136                   0.05                      6      1.805305568065221                     10
                     60      2.828404663407014       164.278211889404                   0.05                      6       1.75764788885324                     10
                  60.25      2.814750744226445      163.4753771462063                   0.05                      6      1.597466148637332                     10
                   60.5      2.786377889713663      159.5310749456583                   0.05                      6      1.749445820535627                     10
                  60.75      2.788636094953176      158.4309354938283                   0.05                      6      1.523205465498378                     10
                     61      2.811793080077791      161.6499835899628                   0.05                      6      1.130105163778697                     10
                  61.25      2.828437132073418       154.193183112306                   0.05                      6      1.601348594266232                     10
                   61.5      2.816585903531745      151.8501358763507                   0.05                      6      1.561375622476285                     10
                  61.75      2.813011229479229      148.5238719348527                   0.05                      6      1.631285048667073                     10
                     62      2.815670927500378      143.0985781503523                   0.05                      6      1.829739851167854                     10
                  62.25      2.830466735077835      144.0997137733934                   0.05                      6      1.497124065682373                     10
                   62.5      2.841181239077172      140.5814855987598                   0.05                      6      1.558806177665785                     10
                  62.75      2.841547357357967      138.9811158651196                   0.05                      6      1.452963165748019                     10
                     63      2.829851596638377      139.7622358861496                   0.05                      6      1.194870170593965                     10
                  63.25      2.819829984026683       139.239150489087                   0.05                      6      1.110255229264462                     10
                   63.5      2.781372944145915        140.13228056631                   0.05                      6      1.264950377175373                     10
                  63.75      2.719941154517756      140.7109702968823                   0.05                      6      1.908056299803544                     10
                     64      2.658104766397855       146.071973247701                   0.05                      6      2.080160176460641                     10
                  64.25      2.587922749035556      156.9161701133603                   0.05                      6       2.18976690376465                     10
                   64.5      2.525017069504543      156.0122884814346                   0.05                      6      2.017495297865052                     10
                  64.75      2.487464833898229      159.6272621538268                   0.05                      6       1.91540419271498                     10
                     65      2.449947153978656      159.2590813684064                   0.05                      6      1.821099531073299                     10
                  65.25      2.385142073269435      155.1976019849021                   0.05                      6      2.047379596071259                     10
                   65.5      2.321202328945446      158.3067453717903                   0.05                      6      2.043771870667577                     10
                  65.75       2.24253202810587       151.777674625574                   0.05                      6      2.146447885550785                     10
                     66      2.171010699535714      149.7125364444306                   0.05                      6      2.069253660036529                     10
                  66.25      2.136189904311436      146.2188799404402                   0.05                      6      1.918337926876785                     10
                   66.5      2.099040731029049       142.313798833587                   0.05                      6      1.915522525913944                     10
                  66.75      2.068439103138076      142.9410336356606                   0.05                      6      1.765336899014931                     10
                     67       2.03651536478958      137.4000387238576                   0.05                      6      1.891233952728317                     10
                  67.25      1.991420349169744      137.3256043468833                   0.05                      6      1.875228104146866                     10
                   67.5      1.982207710540251      131.7632146456877                   0.05                      6      1.835525052222131                     10
                  67.75      1.991888635224086      128.7487153217746                   0.05                      6      1.700267290372075                     10
                     68      2.005249373112861       125.659531551325                   0.05                      6      1.670500993955105                     10
                  68.25      2.008705501755799        118.51242363161                   0.05                      6      1.947924433967205                     10
                   68.5      2.011275420029505      115.3070904485463                   0.05                      6      1.790814304453424                     10
                  68.75      2.011164377968839      111.7223847669367                   0.05                      6       1.71531135854407                     10
                     69      2.020451828492469      105.5882754822498                   0.05                      6      1.890615483194777                     10
                  69.25      2.021359200390976      103.4181118051537                   0.05                      6      1.703373361049888                     10
                   69.5      2.016406781405067      103.6225645070237                   0.05                      6      1.433209600810385                     10
                  69.75      2.013616068966826      102.9402984719117                   0.05                      6       1.28262621138852                     10
                     70      1.980583768579436      98.53697597627092                   0.05                      6      1.614713673556002                     10
                  70.25      1.941835387932542      95.92502269939149                   0.05                      6      1.844745472655933                     10
                   70.5      1.908442273599462      102.1683402027734                   0.05                      6      1.838637461070665                     10
                  70.75      1.866693679885429      106.4293186370326                   0.05                      6      1.963535346694635                     10
                     71      1.844635063490045      107.3199425857394                   0.05                      6      1.761217872505279                     10
                  71.25      1.844896537493241      108.1878115478717                   0.05                      6      1.506842624415085                     10
                   71.5      1.816283238968595      112.2815121921583                   0.05                      6      1.678293552797966                     10
                  71.75      1.772976853901014      113.5298659263237                   0.05                      6      1.824313414323924                     10
                     72      1.732796604401869       114.028614513183                   0.05                      6      1.849458340849553                     10
                  72.25      1.716751452045173      117.8268367067415                   0.05                      6      1.765693144812484                     10
                   72.5      1.713719700228467      116.3895533944865                   0.05                      6      1.462311251800678                     10
                  72.75      1.695133889413682      111.6167420653053                   0.05                      6      1.528895941127153                     10
                     73      1.668023013351672      109.8824137396458                   0.05                      6      1.648918299182477                     10
                  73.25      1.647660579257604      110.7713204174965                   0.05                      6      1.559503010241222                     10
                   73.5      1.622339084374289      114.5130542359835                   0.05                      6      1.644448274085372                     10
                  73.75      1.599323103870915      121.8740082050554                   0.05                      6      1.978300170775719                     10
                     74      1.581132741937381      121.1691485017597                   0.05                      6      1.695661964409467                     10
                  74.25      1.554870538350315      116.5320909920804                   0.05                      6      1.676986262572739                     10
                   74.5      1.519241307877337      109.7688230073887                   0.05                      6      1.994724878554007                     10
                  74.75      1.500926045934534      106.4950163132892                   0.05                      6      1.842901445873539                     10
                     75      1.490117975219505      110.2549554526635                   0.05                      6      1.549641699134086                     10
                  75.25      1.477051828255753        109.50225732839                   0.05                      6      1.416021774643726                     10
                   75.5      1.475826648052134      108.3388775585603                   0.05                      6      1.252046407327032                     10
                  75.75      1.490990646076966      110.2149620080108                   0.05                      6      1.043065699611843                     10
                     76      1.498127577351624      109.1617444642293                   0.05                      6      0.929011359506183                     10
                  76.25        1.4890348158292      110.5491001998329                   0.05                      6     0.8751575434429413                     10
                   76.5      1.489633404938786      111.5780072699257                   0.05                      6     0.8330507609865586                     10
                  76.75      1.486402902868349        114.83526559793                   0.05                      6     0.9998912507149996                     10
                     77      1.469594315702238      121.9717086569269                   0.05                      6      1.805603296591885                     10
                  77.25      1.479184671053417      119.7158313255824                   0.05                      6      1.277274740053941                     10
                   77.5      1.493454944439918      111.6778284310344                   0.05                      6     0.6451004130330923                     10
                  77.75      1.509270819858557      110.6791815665275                   0.05                      6     0.6184823201978719                     10
                     78      1.544740915841203       111.320151232685                   0.05                      6      0.803507865680538                     10
                  78.25      1.598266879677226      113.8345156553247                   0.05                      6      1.050120777751847                     10
                   78.5       1.61784339844246      114.4764416686588                   0.05                      6      0.971653814515946                     10
                  78.75      1.600418442256455      121.7722119367754                   0.05                      6      1.138840446230619                     10
                     79      1.586362661490739      129.8305661935544                   0.05                      6      1.800451205990709                     10
                  79.25      1.574595732589614      131.1083150495217                   0.05                      6      1.627860096349173                     10
                   79.5      1.554371950940094      135.7609230473159                   0.05                      6      1.781509858489102                     10
                  79.75      1.565828482725919      142.2836868778406                   0.05                      6      1.931282122540769                     10
                     80       1.57496118689437      141.3151358398846                   0.05                      6      1.563442019963003                     10
                  80.25      1.559062750616249      142.1710595176519                   0.05                      6       1.38627157986525                     10
                   80.5      1.528314916287172      140.2392450135066                   0.05                      6      1.341992348803488                     10
                  80.75      1.482912607594926      134.1836864185444                   0.05                      6       1.75221660605448                     10
                     81         1.430014161852      136.2568641170197                   0.05                      6      1.944626963809926                     10
                  81.25      1.398436000299625      134.6288205997627                   0.05                      6      1.814777217797859                     10
                   81.5      1.385272380949232      136.1131964381544                   0.05                      6      1.612619844603441                     10
                  81.75       1.39113503960516      133.6217916555854                   0.05                      6       1.36931592286319                     10
                     82      1.388796254915974      133.5189495774315                   0.05                      6      1.212792655303963                     10
                  82.25      1.359904995434817      132.7014677842972                   0.05                      6      1.322549326565108                     10
                   82.5      1.342344047052393      130.9954562174431                   0.05                      6      1.420936798688953                     10
                  82.75      1.357000747587449      127.8403094034229                   0.05                      6      1.358809793031387                     10
                     83      1.379496412340018      122.3578180340148                   0.05                      6      1.658895741628577                     10
                  83.25      1.411538916986501      121.5514420019227                   0.05                      6      1.383489195814257                     10
                   83.5      1.446098758048606      127.1441140232552                   0.05                      6      1.161188938287882                     10
                  83.75      1.470418019470685      130.9213071083802                   0.05                      6      1.106898715794234                     10
                     84      1.489823601631315      134.5273115594356                   0.05                      6      1.041774090784978                     10
                  84.25      1.511708224877566      130.5551226275111                   0.05                      6      1.014700929402805                     10
                   84.5      1.527519108196884      131.0011475848316                   0.05                      6     0.9159508435868845                     10
                  84.75      1.537455836245272      132.1986265920266                   0.05                      6      0.822412556703995                     10
                     85      1.542114623576936      128.8083559926383                   0.05                      6     0.8301936998746469                     10
                  85.25       1.53529848359085      129.6803416719539                   0.05                      6     0.7459663327451558                     10
                   85.5      1.517801924926516      122.7558184107991                   0.05                      6     0.8527117289200797                     10
                  85.75      1.503515426085755      118.9516477272313                   0.05                      6     0.7320240833664959                     10
                     86      1.484392585367686      121.7604164659084                   0.05                      6     0.7810587694837418                     10
                  86.25      1.471255482182414      123.9575825272669                   0.05                      6     0.7664490271955881                     10
                   86.5       1.45097433616229      122.6471050321503                   0.05                      6     0.7829973883771978                     10
                  86.75      1.444534422185484      123.5342501286928                   0.05                      6     0.7423693690206212                     10
                     87      1.442207079082323      118.7611670962599                   0.05                      6     0.7758275869911406                     10
                  87.25      1.424691814585231      114.6010899196053                   0.05                      6      1.008607176230774                     10
                   87.5      1.381971994857167      115.3792885756337                   0.05                      6      1.437940224108291                     10
                  87.75      1.351965341823984      116.0503266858341                   0.05                      6      1.543756969311454                     10
                     88      1.348515437985611       119.924947924922                   0.05                      6       1.23657474834146                     10
                  88.25      1.342921018429593      118.4404371842752                   0.05                      6      1.189055917284376                     10
                   88.5      1.330643572061945      116.2922276360426                   0.05                      6      1.258029930753289                     10
                  88.75      1.320915236656219      115.0698433211589                   0.05                      6      1.268218676674758                     10
                     89      1.312742931334583      120.1542480495646                   0.05                      6      1.142150619624058                     10
                  89.25      1.297240130349451      120.5938122810537                   0.05                      6      1.218657191472374                     10
                   89.5      1.318462183467659      120.4517652430477                   0.05                      6     0.8693531557149673                     10
                  89.75      1.319561998163294      125.2000031596394                   0.05                      6     0.9492476145698641                     10
                     90      1.315650272974835      128.2214411326461                   0.05                      6      1.031748913662736                     10
                  90.25       1.31345407182323      127.9050310766367                   0.05                      6     0.9427915604412959                     10
                   90.5      1.305557325584346      127.0247267315606                   0.05                      6     0.9042438009549945                     10
                  90.75      1.317804225670329      125.2268932318065                   0.05                      6     0.6851394807565708                     10
                     91      1.325976181437341      123.4827723439611                   0.05                      6     0.5796471137788353                     10
                  91.25      1.352244002744101      124.1011045220969                   0.05                      6     0.5098038911161664                     10
                   91.5      1.371237969100321      124.0322067003269                   0.05                      6     0.5038513553857811                     10
                  91.75       1.41172158630809      124.3363848906081                   0.05                      6     0.5541888201820999                     10
                     92      1.452990887390229       124.085447510031                   0.05                      6     0.5445653697364284                     10
                  92.25      1.466005475411407      115.8198778065807                   0.05                      6     0.4939333391892304                     10
                   92.5       1.50863506701171      113.2045018765479                   0.05                      6     0.4443382649099831                     10
                  92.75      1.565022766453126      111.1542039471241                   0.05                      6     0.7541718180330911                     10
                     93       1.61203541130817       107.200716022994                   0.05                      6      1.223175868105293                     10
                  93.25      1.617690944527794      104.5724070470115                   0.05                      6      1.373990347516241                     10
                   93.5      1.618858512808288      99.96711423227529                   0.05                      6      1.697586602980243                     10
                  93.75      1.634791667835884      99.78147911082367                   0.05                      6      1.484534247274972                     10
                     94      1.642251571525435       96.7624230681454                   0.05                      6      1.549042659175322                     10
                  94.25      1.639040833790659      101.6080147780122                   0.05                      6      1.050647647907461                     10
                   94.5      1.647474519101024       102.750188784546                   0.05                      6     0.9370601156758391                     10
                  94.75      1.656177285558442      99.33031386233516                   0.05                      6      1.053802559546179                     10
                     95      1.657205856835731      98.08986485011857                   0.05                      6      1.031505764520833                     10
                  95.25      1.658020495479491      98.67682993647774                   0.05                      6     0.9048566311155585                     10
                   95.5       1.67914058775807      101.3097665880379                   0.05                      6     0.9117912583256342                     10
                  95.75      1.700797569902193      101.1095217867344                   0.05                      6      1.098403995020335                     10
                     96      1.728285208339457      99.14928100802291                   0.05                      6       1.44227748264055                     10
                  96.25       1.76727038621209      99.44164564719586                   0.05                      6      1.633023920004303                     10
                   96.5      1.770119980428149      100.9372229924572                   0.05                      6      1.353183758496761                     10
                  96.75      1.748531989743469      96.37983440355296                   0.05                      6      1.306435419013024                     10
                     97      1.727876811019087        92.707119834251                   0.05                      6      1.405240636770602                     10
                  97.25      1.711845114588186      90.10707567912131                   0.05                      6       1.47996514055119                     10
                   97.5      1.681343921581515      87.79485140109567                   0.05                      6      1.567898548147528                     10
                  97.75      1.651222601321365      85.64949761108143                   0.05                      6      1.678157699317247                     10
                     98       1.62189933928687       84.0944344785505                   0.05                      6      1.716607460613011                     10
                  98.25       1.59440181978141      85.04228032615219                   0.05                      6       1.63959704010668                     10
                   98.5      1.553087476278847       86.2304840639099                   0.05                      6      1.779972600093252                     10
                  98.75      1.503321207028989      87.59725388236971                   0.05                      6       1.92239313156151                     10
                     99      1.451101673072799      90.08034970431339                   0.05                      6       1.96252801515699                     10
                  99.25      1.427511703394089       91.4341861729517                   0.05                      6      1.772732276349643                     10
                   99.5      1.405674561385695      93.63250907493811                   0.05                      6      1.680524412149875                     10
                  99.75      1.376878116147395      97.58505773217227                   0.05                      6      1.779835191863481                     10
                    100      1.362099462115225      92.54017207451835                   0.05                      6      1.587860416107475                     10
                 100.25      1.339254757500612      91.35134187535058                   0.05                      6      1.602762725152322                     10
                  100.5      1.347421132456361      93.23444123879072                   0.05                      6      1.278966082544339                     10
                 100.75      1.345694981256429      93.27760783068491                   0.05                      6      1.141625897481007                     10
                    101      1.334811088856895      88.58742614044664                   0.05                      6      1.299428903751848                     10
                 101.25       1.31821320130598      84.92565682354328                   0.05                      6      1.587183120733189                     10
                  101.5      1.291361923371142      84.06648588441352                   0.05                      6      1.624128990922578                     10
                 101.75      1.277771098103244      84.27512087411222                   0.05                      6       1.49229648557676                     10
                    102      1.275333996814538      86.96263753889158                   0.05                      6      1.273097672918569                     10
                 102.25       1.28563647984322      91.02288506258796                   0.05                      6      1.141882128614373                     10
                  102.5      1.273240247787157      94.05282484115536                   0.05                      6      1.355497140542991                     10
                 102.75      1.248968489842923      94.60986171445873                   0.05                      6      1.492406850837019                     10
                    103      1.218532698924832      95.54624813330754                   0.05                      6      1.656396963530455                     10
                 103.25      1.232773541929078       95.6478998742555                   0.05                      6      1.297569895606114                     10
                  103.5      1.274330450988259      93.62146086513994                   0.05                      6     0.8572640085176482                     10
                 103.75       1.31226072916661      95.68383094121123                   0.05                      6     0.8350062479886353                     10
                    104      1.358174293951606      95.55775222250223                   0.05                      6     0.7752104855823805                     10
                 104.25      1.379961399442209      94.85103634438642                   0.05                      6     0.7498886309453755                     10
                  104.5      1.401155860734207      94.53488678450626                   0.05                      6     0.7883333950456095                     10
                 104.75      1.411331927628794      97.40964864122378                   0.05                      6      0.926019757080873                     10
                    105      1.425189403016134      100.0981214956696                   0.05                      6      1.071887246449786                     10
                 105.25      1.439362666906732      102.0934875736083                   0.05                      6      1.020691035254088                     10
                  105.5      1.448452332385273      99.44468672934433                   0.05                      6     0.9495028963091737                     10
                 105.75      1.476229774617082      99.30024551322315                   0.05                      6      1.012996344233438                     10
                    106      1.492682111801287      96.99013823680831                   0.05                      6      1.122673853725871                     10
                 106.25       1.50035407239443      95.93406073532358                   0.05                      6      1.093805490519194                     10
                  106.5      1.490589958776241      97.01029198778868                   0.05                      6     0.8941968858398606                     10
                 106.75      1.488866528473523      92.75078705546696                   0.05                      6     0.9040808606494131                     10
                    107      1.509994421643341      90.25163533795508                   0.05                      6      1.016699779731028                     10
                 107.25      1.528692026367935      88.43820035593093                   0.05                      6      1.050686134684349                     10
                  107.5      1.550168445970144      89.33784827735539                   0.05                      6      1.005895089284438                     10
                 107.75      1.546335014587044      90.00063148343715                   0.05                      6     0.9000561048825527                     10
                    108      1.529124285358989      90.37588663043678                   0.05                      6     0.7729135642672342                     10
                 108.25      1.507882568581635       90.8248749223647                   0.05                      6     0.6733356271831519                     10
                  108.5      1.479913469587473      92.00843197138914                   0.05                      6     0.5994595710568149                     10
                 108.75      1.443470083306693       89.8839590168718                   0.05                      6     0.6720785026583356                     10
                    109      1.422280798520319      81.16941236979967                   0.05                      6      1.668661542371118                     10
                 109.25      1.415191480037379       73.2275286401687                   0.05                      6      2.042409929459529                     10
                  109.5      1.416011631575884      72.40157998792374                   0.05                      6      1.708608476955442                     10
                 109.75      1.407376535292428      71.95284030827334                   0.05                      6      1.472153060630862                     10
                    110      1.397063639157068       75.9344151501404                   0.05                      6      1.257142579040051                     10
                 110.25      1.402843171921404      79.82578648683119                   0.05                      6      1.115814093203168                     10
                  110.5      1.428122831328551      80.83487480271353                   0.05                      6      1.016436126111358                     10
                 110.75      1.457832564753971      83.37158624631162                   0.05                      6     0.9041473962282285                     10
                    111      1.497981135391342      80.35028963735199                   0.05                      6      1.210327232287618                     10
                 111.25      1.524717804343823      78.96659500468559                   0.05                      6       1.33059199770173                     10
                  111.5       1.54710700570547      74.54854953914995                   0.05                      6      1.705280200563736                     10
                 111.75      1.558164453838344      71.64693946219977                   0.05                      6      1.709352472967774                     10
                    112       1.55737035882737      72.71324657713107                   0.05                      6      1.381902362149049                     10
                 112.25      1.537356672320129      73.24951814237431                   0.05                      6      1.158173440173946                     10
                  112.5      1.505698373503606      75.65948856475359                   0.05                      6     0.9847011469517556                     10
                 112.75      1.472769418784878      74.87821912980931                   0.05                      6     0.9499257347236113                     10
                    113      1.467562808693401      74.45992279139021                   0.05                      6     0.8788399415241549                     10
                 113.25      1.494035188657676      70.62691363876755                   0.05                      6      1.073510298243085                     10
                  113.5      1.501920372430732        69.347200310231                   0.05                      6      1.081367461059092                     10
                 113.75      1.489149526528308      66.24693166749805                   0.05                      6      1.320955996311537                     10
                    114      1.469989828992766      63.25994598618792                   0.05                      6      1.534403047515729                     10
                 114.25      1.434776606201922      61.19772120533617                   0.05                      6      1.657658379725308                     10
                  114.5       1.39212981093408      62.42762643608201                   0.05                      6      1.628787261904439                     10
                 114.75       1.37399624988916      65.79189273024441                   0.05                      6      1.391063464167687                     10
                    115      1.370556636501306      67.01904073406213                   0.05                      6      1.204443121218424                     10
                 115.25      1.366188457806743      66.97397415924604                   0.05                      6      1.115325097523215                     10
                  115.5      1.334788063253995      66.43320210315211                   0.05                      6      1.376874583462794                     10
                 115.75      1.303780137573085      73.26105155931108                   0.05                      6      1.618285053123828                     10
                    116      1.306951767467126      75.60246550330392                   0.05                      6      1.324086934904808                     10
                 116.25      1.328298041048015      75.68446875881678                   0.05                      6      1.049249151416615                     10
                  116.5      1.332734330576386      77.73741230439802                   0.05                      6     0.9232353714820204                     10
                 116.75      1.312034217730229      80.30932700281375                   0.05                      6     0.8495946077806833                     10
                    117      1.300275539743438      83.05015131375622                   0.05                      6     0.7293859219341052                     10
                 117.25      1.308139302200289      80.90045307496611                   0.05                      6     0.7263344967201957                     10
                  117.5      1.322387389698179      81.18460295290357                   0.05                      6     0.6551031181948277                     10
                 117.75      1.343005835067288      78.69380146815472                   0.05                      6     0.6644250082444312                     10
                    118      1.362893606863054      76.70205996959132                   0.05                      6     0.6308273682900386                     10
                 118.25      1.370372878301964      78.56921438141369                   0.05                      6     0.5998551527479288                     10
                  118.5      1.377548346894741      79.25281352837699                   0.05                      6     0.5759356453944461                     10
                 118.75      1.379832927121925      79.98978580737386                   0.05                      6     0.5547424674513819                     10
                    119       1.38349013069444      79.75317443436539                   0.05                      6     0.5257710949715185                     10
                 119.25      1.389372995058125      79.26608493272263                   0.05                      6      0.498263373898147                     10
                  119.5      1.390293327788186      81.74718578624359                   0.05                      6     0.5094080530884877                     10
                 119.75      1.406381786288193      85.52745582206481                   0.05                      6      0.535983539846316                     10
                    120      1.407710876841861      85.57167263064794                   0.05                      6     0.5100718966168307                     10
                 120.25        1.4147847128271      90.17725348030613                   0.05                      6     0.4530162245227558                     10
                  120.5      1.423513259090896       93.4421213288732                   0.05                      6     0.4338666439997887                     10
                 120.75      1.421003924629645      99.70832584775469                   0.05                      6     0.6155958788565981                     10
                    121      1.403200927116472      105.0323966873456                   0.05                      6      0.970706323882779                     10
                 121.25       1.37233761551613      104.4996247320512                   0.05                      6      1.090110477055442                     10
                  121.5      1.329243286223232      105.8518782610986                   0.05                      6      1.365202343940105                     10
                 121.75      1.304505706032728      109.5627723843226                   0.05                      6      1.307124220839498                     10
                    122      1.288936439977419      108.1238893567646                   0.05                      6      1.347060198107681                     10
                 122.25      1.293150842234354      106.2274294788156                   0.05                      6      1.180567837774711                     10
                  122.5      1.310431572540551      104.4943633197186                   0.05                      6     0.9678292857845898                     10
                 122.75      1.331635523750379      105.5900567563907                   0.05                      6     0.8356151738343094                     10
                    123      1.340476023707424      105.9004484784938                   0.05                      6      0.765930891986639                     10
                 123.25      1.320579273855742      101.2677463010744                   0.05                      6      0.697154297201979                     10
                  123.5      1.296630031936274      100.7092966319828                   0.05                      6     0.7438323296932123                     10
                 123.75      1.274197299928232      100.8240650761027                   0.05                      6     0.8324006090074964                     10
                    124      1.264129954988675       103.498241594114                   0.05                      6     0.9356899171190375                     10
                 124.25      1.270178025475275      104.2562616608461                   0.05                      6     0.8234033172894182                     10
                  124.5      1.271974276994001      106.0393532990315                   0.05                      6     0.7940714645545813                     10
                 124.75      1.278738084329802      105.1045075654855                   0.05                      6     0.6653937392977255                     10
                    125      1.246042401645013       103.542305329542                   0.05                      6     0.8701929418249478                     10
                 125.25      1.210458359317954      105.0804930685507                   0.05                      6      1.352670141247502                     10
                  125.5      1.197214092618992      107.9615850541656                   0.05                      6      1.521669267580003                     10
                 125.75      1.191016761907804      105.5574398156113                   0.05                      6      1.291813342529833                     10
                    126      1.187542829579229      104.7291702420421                   0.05                      6      1.163434682200943                     10
                 126.25      1.169347722698717      101.9337980234918                   0.05                      6       1.27531099367061                     10
                  126.5      1.164520319500184      101.7575518992744                   0.05                      6      1.188348129876447                     10
                 126.75      1.187907978111866      98.27737743088228                   0.05                      6     0.9616021255931407                     10
                    127      1.224246924492718      92.25425663757433                   0.05                      6     0.8841051084291131                     10
                 127.25      1.258459517003985      88.18877595046072                   0.05                      6     0.6846417647899902                     10
                  127.5       1.25951763377941      90.49359982107612                   0.05                      6      0.577914050774053                     10
                 127.75      1.253752671645429      92.02166095563936                   0.05                      6     0.5487787602035183                     10
                    128      1.256227973235582      87.57865478838282                   0.05                      6     0.6189174738664857                     10
                 128.25      1.255850073275724      83.65879389721793                   0.05                      6     0.7555892260754781                     10
                  128.5      1.229320850227964      81.93475168116962                   0.05                      6      1.162148027114549                     10
                 128.75      1.205746737013556      78.60414664174968                   0.05                      6      1.610924821534472                     10
                    129      1.207694469883336      82.76923954242307                   0.05                      6      1.154939977026579                     10
                 129.25      1.181990558268922      84.26802952199218                   0.05                      6       1.34097308440085                     10
                  129.5      1.154417226910596      86.29045602704964                   0.05                      6      1.535272511835515                     10
                 129.75      1.171589717116035      87.43071172537377                   0.05                      6      1.124436660785295                     10
                    130      1.188011099224013      86.61196786527027                   0.05                      6     0.8590572332571966                     10
                 130.25      1.210225253254862      83.88812440129939                   0.05                      6     0.7009603158647137                     10
                  130.5      1.247417915051869      79.44923633238083                   0.05                      6     0.7165819390830096                     10
                 130.75      1.269326447375647       75.1810110708159                   0.05                      6     0.8859467263455483                     10
                    131      1.269685444285642      72.53171992280848                   0.05                      6      1.049618744679519                     10
                 131.25      1.271310250102147      72.34114370543101                   0.05                      6     0.9521360662056104                     10
                  131.5      1.273234791519826      73.69787005269229                   0.05                      6      0.754927565412699                     10
                 131.75       1.27296821368077      75.27866460178267                   0.05                      6     0.6123968364480823                     10
                    132      1.235390523433466      74.56333480634507                   0.05                      6     0.8808507230757288                     10
                 132.25      1.207596922217249      73.18650333172302                   0.05                      6      1.205409810982476                     10
                  132.5       1.18625313687005      68.51511414453834                   0.05                      6      1.714420746542489                     10
                 132.75      1.196544017698784      70.12303336238971                   0.05                      6      1.255750687587333                     10
                    133      1.218994943658345      71.56098129140211                   0.05                      6     0.8828571391285627                     10
                 133.25      1.213181257045335      67.63731834534484                   0.05                      6      1.143416125619929                     10
                  133.5      1.213664218262807      67.42590386442303                   0.05                      6      1.040933856289891                     10
                 133.75      1.244929603450373      69.33338307616751                   0.05                      6      0.755543897194256                     10
                    134      1.274094741756926      69.10356418031297                   0.05                      6     0.7306183278251894                     10
                 134.25      1.305587454838246      65.49374964861016                   0.05                      6      1.011328363090367                     10
                  134.5      1.317651962490345      62.92656071404001                   0.05                      6      1.146304097095148                     10
                 134.75       1.32962625341122      62.60833745698898                   0.05                      6      1.014248013389365                     10
                    135      1.324252214620287      63.05012515136661                   0.05                      6     0.8983760482118881                     10
                 135.25        1.3126329154818      60.19461052983438                   0.05                      6      1.143611981109061                     10
                  135.5      1.302088320835537      58.92230594132424                   0.05                      6      1.212860433243161                     10
                 135.75      1.306905749286784      55.76922465357064                   0.05                      6        1.4102865045883                     10
                    136      1.314780834650264       53.7260981260825                   0.05                      6      1.439342768849943                     10
                 136.25      1.325217507786647      52.66052629989284                   0.05                      6       1.36503306537271                     10
                  136.5      1.341979032349627      53.51321746909551                   0.05                      6      1.177153240058455                     10
                 136.75      1.369249166898499      51.60103187030921                   0.05                      6      1.407903291620116                     10
                    137       1.41041929408857      50.27040042340332                   0.05                      6      1.696330513791718                     10
                 137.25      1.451673259525137      51.60799947578582                   0.05                      6      1.708574938916408                     10
                  137.5      1.505642505981086      53.32463974993296                   0.05                      6      1.832270922582023                     10
                 137.75      1.542434649745701      56.37852279628047                   0.05                      6       1.76726108680257                     10
                    138      1.558512912159244      58.21338614634632                   0.05                      6      1.592125402123342                     10
                 138.25      1.583189514608989      56.46409110604736                   0.05                      6      1.592046087860087                     10
                  138.5      1.590046732761721      55.07346102572939                   0.05                      6      1.453909255668809                     10
                 138.75      1.619017786389918      55.14128369228624                   0.05                      6      1.532838131943434                     10
                    139       1.64399791210883      56.72158674448628                   0.05                      6      1.582460586348797                     10
                 139.25      1.654937319581791      57.56419548642784                   0.05                      6      1.480914960902899                     10
                  139.5      1.653450592285139       58.4807772645531                   0.05                      6      1.294774928636382                     10
                 139.75       1.64811839312847      60.78678686523978                   0.05                      6      1.224522462206325                     10
                    140      1.646239080391183      62.44481310845841                   0.05                      6      1.201158975637794                     10
                 140.25      1.664574788313189      64.84614562454146                   0.05                      6      1.387186649424191                     10
                  140.5      1.720248700320326      64.89006601208197                   0.05                      6      1.770191552413979                     10
                 140.75      1.772499792292024      62.96640898553004                   0.05                      6      1.946958564787418                     10
                    141      1.796671485930688      63.92519668340363                   0.05                      6      1.767964978988048                     10
                 141.25      1.821407587228236      61.41408910768477                   0.05                      6      1.691204521187109                     10
                  141.5      1.840519463561918      61.19036627377061                   0.05                      6      1.586107811008845                     10
                 141.75       1.85403466029527      62.40140720134451                   0.05                      6      1.465593304738982                     10
                    142      1.876426529682362       63.4022111858812                   0.05                      6       1.49932878427141                     10
                 142.25      1.919376340172221      60.82185606987359                   0.05                      6       1.76898011751934                     10
                  142.5      1.947847816793455      57.21051598575966                   0.05                      6      1.841632027062058                     10
                 142.75      1.968847300489642      54.09818048968322                   0.05                      6      1.792735147478635                     10
                    143      1.976651831221261      54.11446334012791                   0.05                      6      1.545744134162497                     10
                 143.25      1.983596174531499      55.03692733587584                   0.05                      6      1.350730295528479                     10
                  143.5      1.983096070046031      55.40590883154326                   0.05                      6      1.178991332706731                     10
                 143.75      1.978474710988962      57.50921784320489                   0.05                      6       1.05980941911281                     10
                    144      1.974362525739366      60.13834482286713                   0.05                      6      1.079240018926823                     10
                 144.25      1.991389326833541       63.9300491566598                   0.05                      6      1.440082969110147                     10
                  144.5      2.005389149676944      64.00099613150056                   0.05                      6      1.365939573292454                     10
                 144.75      2.016294723209739      64.37938575070152                   0.05                      6       1.31861072995207                     10
                    145       2.03871182657565       60.8785884397704                   0.05                      6      1.279553862163771                     10
                 145.25      2.072908078777118      58.85189243918757                   0.05                      6      1.625243978488108                     10
                  145.5      2.107010864200447      58.47982983588636                   0.05                      6      1.771179352448388                     10
                 145.75      2.133376093660218      56.70702474559721                   0.05                      6      1.741946058129558                     10
                    146      2.150874972952011      54.67974500987732                   0.05                      6      1.660553443823285                     10
                 146.25      2.148681843902978      54.22694825718431                   0.05                      6      1.417794331227979                     10
                  146.5      2.153701599971783      50.19257586136251                   0.05                      6      1.523947729160434                     10
                 146.75       2.17638890797673       51.7948904320352                   0.05                      6      1.358410253189455                     10
                    147      2.218179428030567      49.86925850509839                   0.05                      6      1.701827238732994                     10
                 147.25      2.260271804998979      49.58265387717232                   0.05                      6      1.849588754941686                     10
                  147.5      2.305177588391417      47.74649861516151                   0.05                      6      1.903212601738641                     10
                 147.75      2.337325009457913      48.09404762357639                   0.05                      6      1.796283424581075                     10
                    148      2.361666482187843      49.14004900459559                   0.05                      6      1.691484452836258                     10
                 148.25      2.373899539568356      53.80906252644805                   0.05                      6      1.718514065591241                     10
                  148.5      2.369572580857948      52.86704600317413                   0.05                      6       1.38560746906329                     10
                 148.75      2.358572936011001      55.64452710345697                   0.05                      6      1.355665871905371                     10
                    149      2.346687463787589      56.38874207446595                   0.05                      6      1.253692175355512                     10
                 149.25      2.327158759218833      59.26534283443321                   0.05                      6      1.448963735680378                     10
                  149.5      2.286638322798353       61.4866992152974                   0.05                      6      1.712090443589228                     10
                 149.75      2.234183060985515      60.93902862940551                   0.05                      6      1.660490257132805                     10
                    150      2.178351612786287       63.8988671725145                   0.05                      6      1.621467605624361                     10
