# type1 resid1 id1 type2 resid2 id2 distance
CA	1	1	SC	46	90	6.903981	1.000000	2
CA	2	2	CA	44	85	9.780789	1.000000	1
CA	2	2	CA	45	87	7.349085	0.500000	1
CA	2	2	SC	45	88	6.476322	0.500000	1
CA	2	2	CA	46	89	8.361099	0.333333	1
CA	2	2	SC	46	90	6.779985	0.666667	2
CA	3	4	CA	44	85	6.219518	0.333333	1
CA	3	4	CA	45	87	4.763209	0.142857	1
CA	3	4	SC	45	88	4.823314	0.285714	2
CA	3	4	SC	46	90	6.677352	1.000000	1
SC	3	5	SC	43	84	6.174408	1.000000	4
SC	3	5	CA	44	85	7.438938	0.666667	2
SC	3	5	CA	45	87	5.998459	0.142857	1
SC	3	5	SC	45	88	4.993946	0.428571	3
SC	3	5	SC	53	103	7.989813	1.000000	1
CA	4	6	CA	42	81	9.346801	1.000000	1
CA	4	6	CA	43	83	5.845034	0.200000	1
CA	4	6	SC	43	84	6.393517	0.800000	4
CA	4	6	CA	44	85	5.696066	0.272727	3
CA	4	6	SC	44	86	5.898659	0.272727	3
SC	4	7	CA	44	85	6.181734	0.181818	2
SC	4	7	SC	44	86	5.225513	0.272727	3
SC	4	7	SC	46	90	7.399817	1.000000	1
CA	5	8	CA	42	81	6.800956	1.000000	1
CA	5	8	CA	43	83	4.511433	0.500000	1
CA	5	8	SC	43	84	6.091646	0.500000	1
CA	5	8	CA	44	85	5.864177	0.500000	3
CA	5	8	SC	44	86	5.676074	0.500000	3
CA	6	10	CA	42	81	6.550119	0.400000	2
CA	6	10	SC	42	82	6.096029	0.200000	1
CA	6	10	CA	43	83	5.448668	0.500000	1
CA	6	10	SC	44	86	4.200724	0.333333	3
SC	6	11	SC	13	24	6.707726	1.000000	1
SC	6	11	CA	42	81	5.693646	0.200000	1
SC	6	11	SC	42	82	5.050406	0.200000	1
SC	6	11	CA	43	83	4.936102	0.500000	1
SC	6	11	CA	44	85	4.743870	0.111111	1
SC	6	11	SC	44	86	4.532047	0.555556	5
SC	6	11	CA	51	98	8.321956	1.000000	1
SC	6	11	CA	52	100	6.131223	0.250000	1
SC	6	11	SC	52	101	5.450506	0.750000	3
CA	7	12	SC	13	24	8.578368	1.000000	1
CA	7	12	SC	44	86	6.322910	0.333333	1
SC	7	13	SC	44	86	5.429605	0.666667	2
SC	8	15	SC	13	24	7.077299	1.000000	1
CA	10	18	CA	14	25	8.454876	1.000000	1
SC	10	19	SC	52	101	8.561038	1.000000	1
CA	12	22	CA	16	29	8.160442	0.500000	1
CA	12	22	SC	16	30	7.964219	0.500000	1
CA	12	22	SC	93	181	7.460777	1.000000	1
CA	13	23	CA	17	31	6.726366	0.250000	1
CA	13	23	SC	17	32	7.825645	0.250000	1
CA	13	23	SC	52	101	6.388180	0.200000	1
SC	13	24	CA	17	31	6.457194	0.250000	1
SC	13	24	SC	17	32	7.672467	0.250000	1
SC	13	24	SC	52	101	4.972722	0.800000	4
SC	13	24	SC	91	177	7.195692	1.000000	2
SC	13	24	SC	93	181	7.064188	1.000000	1
CA	14	25	CA	18	33	7.311690	0.250000	1
CA	14	25	SC	18	34	8.282339	0.500000	2
SC	14	26	SC	18	34	7.678138	0.250000	1
CA	15	27	CA	19	35	7.210516	0.500000	1
CA	15	27	SC	19	36	8.507946	0.500000	1
SC	15	28	SC	100	195	5.351660	1.000000	5
CA	16	29	CA	20	37	7.039919	0.500000	1
CA	16	29	SC	20	38	6.923231	0.500000	1
CA	16	29	SC	23	44	9.297244	1.000000	1
CA	16	29	SC	91	177	5.161773	0.500000	2
CA	16	29	SC	100	195	6.257546	0.500000	1
CA	16	29	SC	102	199	7.506293	1.000000	1
SC	16	30	SC	52	101	5.847779	1.000000	1
SC	16	30	SC	91	177	4.164745	0.500000	2
SC	16	30	CA	92	178	6.914071	1.000000	1
SC	16	30	SC	93	181	5.560594	1.000000	1
SC	16	30	SC	100	195	6.250481	0.500000	1
SC	16	30	CA	101	196	7.684738	1.000000	1
CA	17	31	CA	21	39	6.688925	0.111111	1
CA	17	31	SC	21	40	6.182016	0.222222	2
SC	17	32	CA	21	39	6.428316	0.111111	1
SC	17	32	SC	21	40	5.124819	0.555556	5
CA	18	33	CA	22	41	6.564370	0.500000	1
CA	18	33	SC	22	42	6.256492	0.500000	1
CA	19	35	CA	23	43	6.489107	0.142857	1
CA	19	35	SC	23	44	5.661841	0.285714	2
CA	19	35	SC	102	199	5.586056	0.166667	1
SC	19	36	CA	23	43	7.183951	0.142857	1
SC	19	36	SC	23	44	6.296108	0.428571	3
SC	19	36	SC	91	177	6.680622	1.000000	2
SC	19	36	CA	100	194	7.477800	0.333333	1
SC	19	36	SC	100	195	6.948678	0.666667	2
SC	19	36	CA	101	196	4.881094	0.600000	3
SC	19	36	SC	101	197	7.051594	0.400000	2
SC	19	36	CA	102	198	4.327393	0.166667	1
SC	19	36	SC	102	199	4.259832	0.666667	4
CA	20	37	CA	24	45	6.050142	0.500000	1
CA	20	37	SC	24	46	8.189442	0.500000	1
CA	20	37	CA	25	47	8.483132	1.000000	1
CA	20	37	SC	89	173	5.585768	0.500000	1
CA	20	37	SC	102	199	5.690556	0.500000	1
SC	20	38	SC	89	173	4.751407	0.500000	1
SC	20	38	SC	102	199	6.281398	0.500000	1
CA	21	39	CA	25	47	6.196271	0.333333	1
CA	21	39	SC	25	48	6.470052	0.666667	2
CA	21	39	SC	65	126	8.325886	1.000000	1
SC	21	40	SC	36	70	7.887191	1.000000	1
SC	21	40	SC	66	128	7.220541	1.000000	1
CA	22	41	CA	26	49	6.619885	0.500000	1
CA	22	41	SC	26	50	7.654165	0.500000	1
CA	23	43	CA	27	51	6.135347	0.500000	1
CA	23	43	SC	27	52	5.629778	0.500000	1
SC	23	44	SC	89	173	5.238639	1.000000	3
SC	23	44	SC	91	177	7.771430	1.000000	1
SC	23	44	SC	102	199	4.217536	1.000000	4
SC	23	44	CA	104	202	5.745975	1.000000	1
SC	23	44	CA	105	204	5.642947	0.500000	1
SC	23	44	SC	105	205	4.960141	0.500000	1
CA	24	45	CA	28	53	6.166673	0.250000	1
CA	24	45	SC	28	54	5.355804	0.250000	1
CA	24	45	SC	65	126	7.122520	0.285714	2
SC	24	46	CA	28	53	5.647990	0.250000	1
SC	24	46	SC	28	54	4.538506	0.250000	1
SC	24	46	SC	34	66	5.957766	1.000000	1
SC	24	46	CA	35	67	5.289399	1.000000	3
SC	24	46	SC	36	70	5.628182	1.000000	2
SC	24	46	SC	58	113	6.097308	1.000000	5
SC	24	46	CA	59	114	8.831204	1.000000	2
SC	24	46	CA	65	125	6.029969	0.285714	2
SC	24	46	SC	65	126	6.209461	0.428571	3
CA	25	47	CA	29	55	6.718222	1.000000	2
CA	25	47	CA	30	57	8.928764	1.000000	1
CA	25	47	SC	65	126	5.131870	0.666667	2
SC	25	48	SC	65	126	7.165685	0.333333	1
CA	27	51	SC	34	66	6.869415	1.000000	1
CA	28	53	SC	33	64	6.516759	0.500000	1
CA	28	53	SC	34	66	3.954544	0.500000	2
CA	28	53	SC	65	126	6.389225	0.250000	1
SC	28	54	CA	32	61	7.096809	1.000000	2
SC	28	54	SC	33	64	7.246297	0.500000	1
SC	28	54	CA	34	65	5.574328	0.250000	1
SC	28	54	SC	34	66	4.428443	0.250000	1
SC	28	54	CA	65	125	5.974070	0.250000	1
SC	28	54	SC	65	126	4.524328	0.500000	2
CA	29	55	SC	65	126	7.900770	1.000000	2
CA	30	57	SC	65	126	7.762745	1.000000	2
SC	30	58	CA	34	65	6.555551	0.333333	1
SC	30	58	SC	34	66	5.553528	0.666667	2
CA	31	59	CA	63	121	7.408218	1.000000	1
CA	31	59	CA	64	123	4.501119	0.200000	1
CA	31	59	SC	64	124	5.556727	0.200000	1
CA	31	59	SC	65	126	5.585061	0.272727	3
SC	31	60	CA	64	123	4.536799	0.200000	1
SC	31	60	SC	64	124	4.839532	0.400000	2
SC	31	60	SC	65	126	4.759966	0.727273	8
SC	31	60	CA	67	129	8.894078	1.000000	1
CA	32	61	CA	62	119	5.668928	0.333333	1
CA	32	61	CA	63	121	5.056024	0.400000	2
CA	32	61	CA	64	123	4.316300	0.200000	1
CA	32	61	CA	65	125	6.567091	1.000000	1
SC	32	62	CA	61	117	8.334508	1.000000	2
SC	32	62	CA	62	119	5.472269	0.666667	2
SC	32	62	CA	63	121	4.342717	0.600000	3
SC	32	62	CA	64	123	4.372277	0.200000	1
SC	32	62	SC	64	124	4.018345	0.600000	3
SC	32	62	CA	68	131	7.098877	1.000000	1
SC	32	62	CA	69	132	7.645361	0.666667	2
SC	32	62	SC	69	133	6.146163	0.333333	1
SC	32	62	SC	70	135	7.417743	1.000000	2
CA	33	63	CA	59	114	8.243358	1.000000	1
CA	33	63	CA	60	115	4.692622	0.200000	1
CA	33	63	SC	60	116	5.162126	0.600000	3
CA	33	63	CA	61	117	4.512047	0.800000	4
CA	33	63	SC	61	118	5.596202	0.200000	1
CA	33	63	CA	63	121	6.680290	1.000000	2
SC	33	64	SC	60	116	4.859457	0.200000	1
CA	34	65	CA	59	114	6.115502	1.000000	1
CA	34	65	CA	60	115	4.134992	0.200000	1
CA	34	65	SC	60	116	4.935388	0.400000	2
CA	34	65	CA	61	117	5.637184	0.500000	2
CA	34	65	SC	61	118	5.852775	0.500000	2
CA	34	65	CA	63	121	7.493104	1.000000	2
CA	34	65	CA	65	125	6.194340	0.750000	3
CA	34	65	SC	65	126	7.905689	0.250000	1
SC	34	66	SC	60	116	4.919814	0.400000	2
CA	35	67	CA	57	110	9.486991	1.000000	1
CA	35	67	CA	58	112	6.003823	0.333333	1
CA	35	67	SC	58	113	6.679073	0.666667	2
CA	35	67	CA	59	114	5.661695	0.600000	3
CA	35	67	CA	60	115	5.582581	0.600000	3
CA	35	67	CA	65	125	4.649622	0.166667	1
CA	35	67	SC	75	145	6.731149	0.166667	1
SC	35	68	CA	59	114	6.584568	0.400000	2
SC	35	68	CA	60	115	6.876049	0.400000	2
SC	35	68	SC	61	118	4.410337	1.000000	5
SC	35	68	CA	63	121	6.981503	0.285714	2
SC	35	68	SC	63	122	5.766696	0.714286	5
SC	35	68	CA	65	125	6.869094	0.833333	5
SC	35	68	CA	66	127	6.220489	1.000000	1
SC	35	68	SC	73	141	6.584674	1.000000	2
SC	35	68	CA	74	142	6.299912	1.000000	4
SC	35	68	CA	75	144	6.502396	0.333333	2
SC	35	68	SC	75	145	4.441192	0.500000	3
CA	36	69	CA	57	110	6.617936	0.333333	1
CA	36	69	CA	58	112	4.167208	0.200000	1
CA	36	69	SC	58	113	4.990349	0.400000	2
CA	36	69	CA	59	114	6.065994	1.000000	1
CA	36	69	CA	65	125	7.101506	1.000000	2
CA	36	69	SC	66	128	6.773608	0.666667	2
CA	36	69	SC	75	145	7.552256	1.000000	1
SC	36	70	SC	56	109	6.354718	1.000000	2
SC	36	70	CA	57	110	6.907182	0.666667	2
SC	36	70	CA	58	112	5.294705	0.200000	1
SC	36	70	SC	58	113	5.672005	0.200000	1
SC	36	70	SC	66	128	6.335153	0.333333	1
SC	36	70	SC	89	173	8.418236	1.000000	1
CA	37	71	CA	57	110	5.957400	0.200000	2
CA	37	71	CA	58	112	5.404227	0.333333	1
CA	37	71	SC	58	113	7.101469	0.333333	1
SC	37	72	CA	57	110	5.558815	0.200000	2
SC	37	72	SC	57	111	5.315793	0.600000	6
SC	37	72	CA	58	112	5.202970	0.333333	1
SC	37	72	CA	59	114	5.862705	1.000000	1
SC	37	72	SC	75	145	5.414564	1.000000	2
SC	37	72	SC	84	163	6.321579	1.000000	2
CA	38	73	SC	54	105	9.187801	1.000000	1
CA	38	73	CA	55	106	9.391902	1.000000	1
CA	38	73	CA	56	108	6.400009	0.500000	1
CA	38	73	SC	56	109	7.248178	0.500000	1
CA	38	73	CA	57	110	6.033668	0.571429	4
CA	38	73	SC	57	111	6.708433	0.285714	2
SC	38	74	SC	57	111	7.772241	0.142857	1
CA	39	75	CA	55	106	6.372938	0.500000	1
CA	39	75	CA	56	108	4.596146	0.250000	1
CA	39	75	SC	56	109	5.711121	0.250000	1
CA	39	75	CA	57	110	6.301774	1.000000	1
SC	39	76	SC	54	105	5.288447	1.000000	1
SC	39	76	CA	55	106	6.558327	0.500000	1
SC	39	76	CA	56	108	5.570234	0.250000	1
SC	39	76	SC	56	109	6.346356	0.250000	1
CA	40	77	SC	54	105	7.163801	1.000000	1
CA	40	77	CA	55	106	5.270390	0.222222	2
CA	40	77	CA	56	108	5.538913	0.250000	1
CA	40	77	SC	56	109	7.279060	0.250000	1
CA	40	77	SC	57	111	7.325233	0.142857	1
SC	40	78	CA	55	106	4.745691	0.333333	3
SC	40	78	SC	55	107	5.084240	0.444444	4
SC	40	78	CA	56	108	5.167293	0.500000	2
SC	40	78	CA	57	110	5.717872	0.285714	2
SC	40	78	SC	57	111	5.958384	0.571429	4
SC	40	78	SC	86	167	6.659374	1.000000	1
SC	40	78	CA	87	168	8.348116	1.000000	1
CA	41	79	CA	53	102	8.534082	1.000000	1
CA	41	79	CA	54	104	5.781046	0.250000	1
CA	41	79	SC	54	105	6.516668	0.750000	3
CA	41	79	CA	55	106	5.743048	0.333333	4
CA	41	79	SC	55	107	4.913924	0.416667	5
SC	41	80	CA	55	106	6.774580	0.083333	1
SC	41	80	SC	55	107	4.932033	0.166667	2
CA	42	81	CA	53	102	5.762550	1.000000	2
CA	42	81	CA	54	104	4.279294	0.200000	1
CA	42	81	SC	54	105	5.703031	0.200000	1
SC	42	82	CA	54	104	4.686853	0.200000	1
SC	42	82	SC	54	105	5.485989	0.400000	2
CA	43	83	CA	51	98	8.224206	1.000000	1
CA	43	83	CA	52	100	5.823486	1.000000	1
CA	43	83	CA	53	102	5.448894	0.333333	4
CA	43	83	SC	53	103	5.044523	0.250000	3
CA	43	83	SC	55	107	7.708072	0.333333	1
SC	43	84	CA	53	102	6.892801	0.166667	2
SC	43	84	SC	53	103	5.528748	0.250000	3
SC	43	84	SC	55	107	6.490053	0.666667	2
CA	44	85	CA	51	98	5.119995	0.333333	1
CA	44	85	CA	52	100	4.352101	0.200000	1
SC	44	86	SC	50	97	5.468609	1.000000	5
SC	44	86	CA	51	98	7.970869	0.666667	2
SC	44	86	CA	52	100	7.901170	0.200000	1
SC	44	86	SC	52	101	6.522651	0.600000	3
CA	45	87	CA	49	95	8.532417	1.000000	1
CA	45	87	CA	50	96	5.737290	0.333333	1
CA	45	87	SC	50	97	6.824900	0.666667	2
CA	45	87	CA	51	98	4.966732	0.363636	4
CA	45	87	SC	51	99	5.526100	0.272727	3
CA	45	87	CA	53	102	7.630712	0.125000	1
CA	45	87	SC	53	103	6.398762	0.375000	3
SC	45	88	SC	51	99	5.583634	0.363636	4
SC	45	88	SC	53	103	6.072147	0.500000	4
CA	46	89	CA	50	96	4.485766	0.333333	1
CA	46	89	SC	50	97	5.987766	0.333333	1
CA	46	89	SC	51	99	6.581372	1.000000	1
SC	46	90	SC	50	97	7.458484	0.333333	1
CA	47	91	SC	92	179	5.979416	0.333333	1
CA	47	91	SC	94	183	7.635839	1.000000	1
SC	47	92	SC	51	99	5.248695	1.000000	4
SC	47	92	SC	92	179	5.143558	0.666667	2
CA	48	93	SC	94	183	5.676727	0.500000	1
CA	48	93	SC	96	187	5.689009	0.500000	1
SC	48	94	SC	94	183	5.611349	0.500000	1
SC	48	94	SC	96	187	5.454217	0.500000	1
SC	48	94	SC	97	189	6.633393	1.000000	1
CA	49	95	SC	92	179	5.723957	1.000000	4
CA	49	95	CA	93	180	6.113725	1.000000	2
CA	49	95	SC	94	183	3.015052	1.000000	4
CA	50	96	CA	91	176	8.373360	1.000000	1
CA	50	96	CA	92	178	6.030239	0.500000	1
CA	50	96	SC	92	179	6.007247	0.500000	1
CA	50	96	CA	93	180	5.391986	0.363636	4
CA	50	96	SC	93	181	6.076034	0.181818	2
CA	50	96	SC	94	183	5.558285	0.666667	2
SC	50	97	CA	93	180	5.870483	0.272727	3
SC	50	97	SC	93	181	5.792527	0.181818	2
SC	50	97	SC	94	183	6.481620	0.333333	1
SC	50	97	SC	95	185	7.981536	1.000000	1
CA	51	98	CA	91	176	5.334247	0.250000	1
CA	51	98	CA	92	178	4.478942	0.142857	1
CA	51	98	SC	92	179	5.438921	0.142857	1
SC	51	99	CA	90	174	5.398780	0.400000	2
SC	51	99	SC	90	175	4.813506	0.600000	3
SC	51	99	CA	91	176	6.110277	0.750000	3
SC	51	99	CA	92	178	5.836414	0.142857	1
SC	51	99	SC	92	179	5.322117	0.571429	4
SC	51	99	SC	103	201	6.532848	1.000000	3
CA	52	100	CA	89	172	7.204571	0.500000	1
CA	52	100	SC	89	173	9.284546	0.500000	1
CA	52	100	CA	90	174	5.388410	0.500000	2
CA	52	100	SC	90	175	6.510234	0.500000	2
CA	52	100	CA	91	176	4.850260	0.384615	5
CA	52	100	SC	91	177	5.040901	0.230769	3
SC	52	101	CA	91	176	6.048134	0.153846	2
SC	52	101	SC	91	177	5.484530	0.230769	3
SC	52	101	CA	93	180	5.940377	0.600000	3
SC	52	101	SC	93	181	5.282858	0.400000	2
CA	53	102	SC	88	171	5.813160	0.500000	1
CA	53	102	CA	89	172	5.368264	0.500000	1
CA	53	102	CA	90	174	4.491740	0.166667	1
CA	53	102	SC	90	175	5.062732	0.333333	2
SC	53	103	SC	88	171	6.476316	0.500000	1
SC	53	103	CA	89	172	7.323998	0.500000	1
SC	53	103	CA	90	174	5.917696	0.166667	1
SC	53	103	SC	90	175	5.746435	0.333333	2
CA	54	104	CA	87	168	8.162013	0.500000	1
CA	54	104	CA	88	170	5.072360	0.200000	1
CA	54	104	SC	88	171	5.032188	0.600000	3
CA	54	104	CA	89	172	4.998107	0.333333	4
CA	54	104	SC	89	173	6.058190	0.083333	1
SC	54	105	CA	87	168	7.761246	0.500000	1
SC	54	105	CA	88	170	5.458434	0.200000	1
SC	54	105	CA	89	172	4.869946	0.333333	4
SC	54	105	SC	89	173	4.336015	0.250000	3
CA	55	106	SC	86	167	6.545314	0.500000	1
CA	55	106	CA	87	168	5.645858	1.000000	1
CA	55	106	CA	88	170	4.159876	0.200000	1
CA	55	106	SC	88	171	4.069603	0.200000	1
SC	55	107	SC	86	167	7.835390	0.500000	1
SC	55	107	SC	88	171	5.176739	0.600000	3
CA	56	108	CA	85	164	8.620133	0.500000	1
CA	56	108	CA	86	166	5.947905	0.333333	1
CA	56	108	SC	86	167	6.508116	0.666667	2
CA	56	108	CA	87	168	5.288060	0.363636	4
CA	56	108	SC	87	169	6.312123	0.090909	1
CA	56	108	CA	89	172	7.546265	0.166667	1
CA	56	108	SC	89	173	5.943940	0.166667	1
SC	56	109	CA	85	164	8.932764	0.500000	1
SC	56	109	CA	87	168	5.009362	0.363636	4
SC	56	109	SC	87	169	5.286948	0.181818	2
SC	56	109	CA	88	170	5.299478	1.000000	1
SC	56	109	CA	89	172	6.347005	0.333333	2
SC	56	109	SC	89	173	4.211436	0.333333	2
CA	57	110	SC	84	163	7.918127	0.200000	1
CA	57	110	CA	85	164	5.906497	0.500000	2
CA	57	110	CA	86	166	4.450644	0.166667	1
CA	57	110	SC	86	167	5.531195	0.166667	1
SC	57	111	CA	80	154	9.228736	1.000000	1
SC	57	111	SC	84	163	5.952636	0.800000	4
SC	57	111	CA	85	164	6.748134	0.500000	2
SC	57	111	CA	86	166	6.035784	0.166667	1
SC	57	111	SC	86	167	6.573514	0.500000	3
CA	58	112	CA	83	160	9.469645	1.000000	1
CA	58	112	CA	84	162	6.097582	0.333333	1
CA	58	112	SC	84	163	7.413408	0.666667	2
CA	58	112	CA	85	164	5.186863	0.428571	3
CA	58	112	SC	85	165	5.527349	0.142857	1
CA	58	112	CA	86	166	5.961403	0.500000	1
SC	58	113	CA	85	164	5.341109	0.285714	2
SC	58	113	SC	85	165	5.311527	0.142857	1
SC	58	113	CA	86	166	5.619237	0.500000	1
SC	58	113	CA	87	168	5.738534	0.500000	1
SC	58	113	SC	87	169	5.624216	0.500000	1
SC	58	113	SC	89	173	7.724829	1.000000	2
SC	58	113	SC	107	209	6.168180	1.000000	2
CA	59	114	SC	75	145	4.842610	1.000000	2
CA	59	114	CA	83	160	6.235977	1.000000	1
CA	59	114	CA	84	162	3.944350	0.500000	1
CA	59	114	SC	84	163	5.186225	0.500000	1
CA	59	114	CA	85	164	5.368037	0.500000	1
CA	59	114	SC	85	165	5.217305	0.500000	1
CA	60	115	CA	74	142	8.096000	1.000000	1
CA	60	115	CA	75	144	5.071223	0.285714	2
CA	60	115	SC	75	145	5.416986	0.571429	4
CA	60	115	SC	76	147	8.755092	1.000000	1
CA	60	115	CA	83	160	6.594608	0.200000	2
CA	60	115	SC	83	161	7.215712	0.200000	2
CA	60	115	CA	84	162	6.391963	1.000000	1
SC	60	116	CA	75	144	8.495529	0.142857	1
SC	60	116	CA	83	160	7.347546	0.300000	3
SC	60	116	SC	83	161	7.612237	0.300000	3
SC	60	116	SC	85	165	6.185822	1.000000	2
CA	61	117	CA	74	142	5.158802	0.333333	1
CA	61	117	CA	75	144	3.655536	0.333333	1
CA	61	117	SC	76	147	7.720345	1.000000	3
SC	61	118	CA	65	125	7.423222	1.000000	2
SC	61	118	SC	73	141	5.770149	1.000000	1
SC	61	118	CA	74	142	4.566829	0.666667	2
SC	61	118	CA	75	144	4.241176	0.333333	1
SC	61	118	SC	75	145	4.942261	0.333333	1
CA	62	119	SC	70	135	8.700606	1.000000	1
CA	62	119	CA	73	140	5.536514	0.666667	2
CA	62	119	CA	74	142	6.012967	0.428571	3
CA	62	119	CA	76	146	6.559189	0.250000	1
SC	62	120	SC	72	139	6.435320	1.000000	1
SC	62	120	CA	73	140	4.841836	0.333333	1
SC	62	120	CA	74	142	5.341335	0.428571	3
SC	62	120	SC	74	143	7.588877	0.142857	1
SC	62	120	CA	76	146	5.715017	0.750000	3
SC	63	122	CA	67	129	7.108237	1.000000	1
SC	63	122	CA	68	131	6.838243	1.000000	1
SC	63	122	CA	73	140	3.649273	0.250000	1
SC	63	122	SC	73	141	2.453017	0.750000	3
SC	63	122	CA	74	142	5.535205	1.000000	1
SC	64	124	CA	68	131	3.775175	1.000000	2
SC	64	124	CA	69	132	6.154654	0.600000	3
SC	64	124	SC	69	133	5.526064	0.400000	2
CA	66	127	SC	73	141	7.938069	1.000000	1
CA	69	132	SC	73	141	7.823618	1.000000	1
SC	74	143	CA	78	150	4.614975	0.500000	2
SC	74	143	SC	78	151	6.706520	0.500000	2
SC	74	143	SC	79	153	6.253765	1.000000	2
CA	75	144	SC	79	153	4.839535	0.500000	2
CA	75	144	CA	82	158	8.816784	0.500000	1
CA	75	144	CA	83	160	6.968504	0.142857	1
CA	75	144	SC	83	161	6.995694	0.428571	3
SC	75	145	CA	79	152	7.280684	0.250000	1
SC	75	145	SC	79	153	6.125313	0.250000	1
SC	75	145	CA	82	158	8.792358	0.500000	1
SC	75	145	CA	83	160	7.378935	0.285714	2
SC	75	145	SC	83	161	8.743269	0.142857	1
SC	75	145	SC	84	163	4.981445	1.000000	3
CA	76	146	SC	83	161	6.442363	0.400000	2
SC	76	147	SC	83	161	5.381643	0.600000	3
CA	79	152	SC	84	163	5.695579	0.500000	2
SC	79	153	CA	83	160	5.538259	0.200000	1
SC	79	153	SC	83	161	5.575226	0.800000	4
SC	79	153	SC	84	163	5.638633	0.500000	2
CA	80	154	SC	84	163	5.189602	0.750000	3
SC	80	155	SC	84	163	8.182433	0.250000	1
SC	85	165	CA	107	208	7.018921	0.500000	1
SC	85	165	SC	107	209	7.007757	0.500000	1
SC	85	165	SC	108	211	6.816620	1.000000	2
CA	86	166	CA	106	206	8.586318	0.500000	1
CA	86	166	CA	107	208	5.843531	0.666667	2
CA	86	166	SC	107	209	6.575696	0.333333	1
CA	86	166	SC	108	211	7.966568	0.333333	1
SC	86	167	CA	106	206	8.643561	0.500000	1
SC	86	167	CA	108	210	7.070202	0.333333	1
SC	86	167	SC	108	211	8.245572	0.333333	1
CA	87	168	CA	106	206	5.226870	1.000000	2
CA	87	168	CA	107	208	3.656669	0.125000	1
SC	87	169	CA	105	204	4.192828	0.666667	2
SC	87	169	SC	105	205	3.318746	0.333333	1
SC	87	169	CA	107	208	3.311114	0.375000	3
SC	87	169	SC	107	209	2.288974	0.500000	4
CA	88	170	CA	104	202	8.226716	1.000000	1
CA	88	170	CA	105	204	5.254705	0.333333	1
CA	88	170	SC	105	205	5.268267	0.666667	2
CA	88	170	CA	106	206	4.800862	0.363636	4
CA	88	170	SC	106	207	6.705257	0.272727	3
SC	88	171	CA	106	206	5.385311	0.181818	2
SC	88	171	SC	106	207	6.092317	0.181818	2
CA	89	172	SC	102	199	6.294339	0.333333	1
CA	89	172	CA	104	202	6.067216	0.500000	1
CA	89	172	CA	105	204	4.459977	0.333333	1
CA	89	172	SC	105	205	4.632167	0.333333	1
SC	89	173	SC	102	199	6.959556	0.666667	2
SC	89	173	CA	104	202	7.596498	0.500000	1
SC	89	173	SC	105	205	4.078870	0.333333	1
CA	90	174	CA	101	196	8.927105	1.000000	1
CA	90	174	CA	102	198	6.174833	0.200000	1
CA	90	174	SC	102	199	5.916828	0.800000	4
CA	90	174	CA	103	200	5.496975	0.142857	1
CA	90	174	SC	103	201	5.607359	0.142857	1
CA	90	174	CA	104	202	5.975090	0.363636	4
SC	90	175	SC	103	201	4.653077	0.714286	5
SC	90	175	CA	104	202	6.076204	0.363636	4
SC	90	175	SC	104	203	6.590387	0.272727	3
SC	90	175	CA	106	206	7.322557	0.333333	1
SC	90	175	SC	106	207	7.364588	0.666667	2
CA	91	176	CA	101	196	6.071037	0.500000	1
CA	91	176	CA	102	198	4.415801	0.142857	1
CA	91	176	SC	102	199	4.713092	0.142857	1
CA	91	176	CA	103	200	5.988433	1.000000	1
SC	91	177	SC	100	195	7.567070	1.000000	1
SC	91	177	CA	101	196	6.572120	0.500000	1
SC	91	177	CA	102	198	5.097984	0.142857	1
SC	91	177	SC	102	199	4.870013	0.571429	4
CA	92	178	CA	99	192	7.503791	0.250000	1
CA	92	178	CA	100	194	5.029294	0.250000	1
CA	92	178	SC	100	195	5.851075	0.250000	1
CA	92	178	CA	101	196	4.828669	0.625000	5
CA	92	178	CA	102	198	5.730039	1.000000	1
CA	92	178	CA	103	200	7.091211	0.333333	1
SC	92	179	SC	99	193	6.557888	0.750000	3
SC	92	179	CA	100	194	6.676586	0.500000	2
SC	92	179	CA	101	196	6.823744	0.250000	2
SC	92	179	SC	101	197	8.050973	0.125000	1
SC	92	179	CA	103	200	7.912279	0.333333	1
SC	92	179	SC	103	201	7.282164	0.333333	1
CA	93	180	CA	99	192	5.856426	0.500000	1
CA	93	180	CA	100	194	4.007743	0.200000	1
CA	93	180	SC	100	195	4.158072	0.400000	2
SC	93	181	CA	99	192	7.143302	0.500000	1
SC	93	181	SC	100	195	4.442419	0.400000	2
CA	94	182	CA	98	190	6.455084	0.666667	2
CA	94	182	CA	99	192	4.764249	0.272727	3
CA	94	182	SC	99	193	6.473055	0.181818	2
CA	94	182	CA	100	194	5.648966	0.500000	1
CA	94	182	SC	100	195	6.128612	0.500000	1
SC	94	183	CA	98	190	6.840704	0.333333	1
SC	94	183	CA	99	192	4.770323	0.181818	2
SC	94	183	SC	99	193	5.516136	0.363636	4
