# type1 resid1 id1 type2 resid2 id2 distance
CA	1	1	SC	29	56	7.813886	1.000000	1
CA	1	1	SC	75	145	3.766020	0.600000	3
CA	1	1	CA	79	152	6.245284	0.333333	2
SC	1	2	SC	75	145	5.168157	0.400000	2
SC	1	2	CA	79	152	6.401756	0.500000	3
SC	1	2	SC	79	153	7.744847	0.166667	1
CA	2	3	SC	29	56	7.184239	0.200000	1
CA	2	3	SC	56	109	6.738361	0.400000	2
CA	2	3	SC	74	143	6.441115	0.400000	2
CA	2	3	CA	75	144	5.367623	0.250000	1
CA	2	3	SC	75	145	5.612301	0.250000	1
SC	2	4	SC	25	48	6.366474	1.000000	3
SC	2	4	SC	28	54	6.491153	1.000000	1
SC	2	4	SC	29	56	5.947792	0.800000	4
SC	2	4	SC	56	109	5.049107	0.600000	3
SC	2	4	CA	72	138	7.790343	0.333333	1
SC	2	4	SC	72	139	6.619512	0.666667	2
SC	2	4	CA	73	140	8.287335	1.000000	1
SC	2	4	CA	74	142	5.445818	0.200000	1
SC	2	4	SC	74	143	5.885043	0.400000	2
SC	2	4	CA	75	144	6.468211	0.250000	1
SC	2	4	SC	75	145	7.124892	0.250000	1
CA	3	5	CA	7	12	5.873144	0.142857	1
CA	3	5	SC	7	13	6.456942	0.285714	2
CA	3	5	CA	74	142	5.530307	0.142857	1
CA	3	5	SC	74	143	5.948450	0.285714	2
CA	3	5	CA	75	144	4.520701	0.285714	2
CA	3	5	SC	75	145	5.267490	0.428571	3
CA	3	5	SC	76	147	6.228657	0.333333	1
SC	3	6	CA	7	12	4.477644	0.428571	3
SC	3	6	SC	7	13	6.078438	0.142857	1
SC	3	6	CA	8	14	4.325052	0.375000	3
SC	3	6	SC	8	15	4.795102	0.625000	5
SC	3	6	CA	53	102	8.464445	1.000000	1
SC	3	6	CA	54	104	6.743809	0.500000	1
SC	3	6	SC	54	105	8.459673	0.500000	1
SC	3	6	SC	74	143	4.705522	0.571429	4
SC	3	6	CA	75	144	5.926534	0.285714	2
SC	3	6	SC	76	147	5.436623	0.666667	2
CA	4	7	CA	75	144	4.995320	0.250000	1
CA	4	7	SC	75	145	4.295093	0.250000	1
SC	4	8	SC	75	145	4.790857	0.500000	2
CA	5	9	CA	75	144	5.882065	0.333333	1
CA	5	9	SC	75	145	6.167904	0.666667	2
CA	5	9	CA	76	146	4.194647	1.000000	2
CA	6	10	CA	75	144	6.377362	1.000000	1
CA	6	10	CA	76	146	3.717908	0.125000	1
CA	6	10	SC	76	147	4.148479	0.250000	2
SC	6	11	CA	53	102	7.401396	0.500000	1
SC	6	11	SC	53	103	7.179854	0.500000	1
SC	6	11	CA	54	104	5.667216	0.250000	1
SC	6	11	SC	54	105	3.929708	0.750000	3
SC	6	11	SC	74	143	7.356155	1.000000	1
SC	6	11	CA	76	146	4.710452	0.250000	2
SC	6	11	SC	76	147	4.167932	0.375000	3
CA	8	14	SC	53	103	7.581266	0.200000	1
SC	8	15	SC	51	99	6.129298	1.000000	2
SC	8	15	CA	52	100	7.995207	1.000000	1
SC	8	15	CA	53	102	5.506766	0.400000	2
SC	8	15	SC	53	103	5.952974	0.400000	2
SC	8	15	SC	74	143	5.220777	1.000000	5
SC	8	15	SC	76	147	7.662767	1.000000	1
CA	11	20	SC	17	33	8.251277	1.000000	1
SC	11	21	CA	51	98	6.483918	0.142857	1
SC	11	21	SC	51	99	4.071110	0.857143	6
SC	11	21	CA	52	100	5.517238	0.750000	3
SC	11	21	SC	52	101	7.767742	0.250000	1
SC	11	21	CA	53	102	5.601875	0.500000	3
SC	11	21	SC	53	103	6.038215	0.500000	3
CA	12	22	SC	51	99	5.744906	0.200000	2
SC	12	23	CA	17	32	5.855930	0.250000	2
SC	12	23	SC	17	33	4.706663	0.750000	6
SC	12	23	CA	49	94	8.358473	1.000000	1
SC	12	23	CA	50	96	5.727552	0.500000	1
SC	12	23	SC	50	97	5.968828	0.500000	1
SC	12	23	CA	51	98	6.600583	0.400000	4
SC	12	23	SC	51	99	5.716721	0.400000	4
CA	15	28	CA	49	94	9.175241	1.000000	1
CA	15	28	SC	50	97	6.949318	1.000000	1
CA	16	30	SC	48	93	4.754264	0.142857	1
CA	16	30	CA	49	94	5.668224	0.333333	1
CA	16	30	SC	50	97	4.694625	0.333333	1
SC	16	31	CA	47	90	7.342468	1.000000	2
SC	16	31	CA	48	92	4.599127	0.142857	1
SC	16	31	SC	48	93	4.523937	0.714286	5
SC	16	31	CA	49	94	5.650178	0.666667	2
SC	16	31	SC	50	97	5.662868	0.666667	2
CA	17	32	SC	46	89	9.088459	1.000000	1
CA	17	32	CA	49	94	4.837541	0.272727	3
CA	17	32	SC	49	95	4.762277	0.181818	2
CA	17	32	SC	50	97	5.762653	0.200000	1
SC	17	33	SC	21	41	5.175682	1.000000	3
SC	17	33	CA	22	42	7.203835	1.000000	1
SC	17	33	CA	49	94	4.937269	0.181818	2
SC	17	33	SC	49	95	4.773825	0.363636	4
SC	17	33	CA	50	96	4.487970	0.600000	3
SC	17	33	SC	50	97	5.434043	0.200000	1
SC	17	33	SC	51	99	7.060303	1.000000	1
SC	17	33	SC	56	109	7.703743	1.000000	1
CA	18	34	CA	22	42	6.878554	1.000000	1
CA	18	34	SC	46	89	7.767280	1.000000	2
CA	18	34	CA	49	94	6.219018	0.333333	1
CA	18	34	SC	49	95	5.173238	0.666667	2
CA	19	36	CA	23	43	5.954349	0.200000	1
CA	19	36	SC	23	44	6.357792	0.400000	2
CA	19	36	SC	46	89	4.243549	0.454545	5
CA	19	36	CA	49	94	5.583800	0.333333	1
CA	19	36	SC	49	95	4.250433	0.666667	2
SC	19	37	SC	23	44	6.217179	0.400000	2
SC	19	37	CA	46	88	5.862494	0.272727	3
SC	19	37	SC	46	89	5.209643	0.272727	3
CA	20	38	CA	24	45	6.097534	0.250000	1
CA	20	38	SC	24	46	6.123023	0.500000	2
SC	20	39	SC	24	46	5.735984	0.250000	1
CA	21	40	CA	25	47	6.320839	0.166667	1
CA	21	40	SC	25	48	5.870871	0.333333	2
CA	21	40	SC	49	95	5.270327	0.333333	1
SC	21	41	SC	25	48	5.152249	0.500000	3
SC	21	41	SC	49	95	6.090415	0.666667	2
SC	21	41	SC	56	109	6.130581	1.000000	2
CA	22	42	CA	26	49	6.053598	0.250000	1
CA	22	42	SC	26	50	5.682203	0.750000	3
CA	22	42	CA	27	51	8.155071	1.000000	1
CA	22	42	SC	46	89	4.719740	1.000000	2
CA	22	42	SC	49	95	3.598775	1.000000	2
CA	22	42	SC	58	113	4.315961	1.000000	4
CA	22	42	SC	72	139	8.341484	1.000000	1
CA	23	43	CA	27	51	5.710801	0.500000	1
CA	23	43	SC	27	52	6.656360	0.500000	1
CA	23	43	CA	41	78	7.332935	0.400000	2
CA	23	43	SC	41	79	6.879113	0.200000	1
CA	23	43	SC	46	89	5.287597	0.200000	1
SC	23	44	CA	41	78	6.536009	0.400000	2
SC	23	44	CA	42	80	5.599298	1.000000	2
SC	23	44	CA	44	84	6.176671	0.600000	3
SC	23	44	SC	44	85	7.185174	0.400000	2
SC	23	44	CA	46	88	6.349295	0.200000	1
SC	23	44	SC	46	89	5.090771	0.600000	3
CA	24	45	CA	28	53	6.074411	0.142857	1
CA	24	45	SC	28	54	5.772711	0.428571	3
CA	24	45	CA	29	55	8.323405	1.000000	1
SC	24	46	SC	28	54	6.446446	0.428571	3
CA	25	47	CA	29	55	5.843862	0.166667	1
CA	25	47	SC	29	56	5.087810	0.500000	3
CA	25	47	CA	30	57	7.847328	1.000000	1
CA	25	47	SC	33	64	8.666702	1.000000	1
CA	25	47	SC	72	139	5.795543	0.125000	1
SC	25	48	SC	29	56	5.793285	0.333333	2
SC	25	48	SC	49	95	6.544081	1.000000	1
SC	25	48	CA	50	96	8.426269	1.000000	1
SC	25	48	SC	56	109	4.650771	1.000000	3
SC	25	48	CA	57	110	7.920525	1.000000	1
SC	25	48	SC	58	113	5.551726	1.000000	2
SC	25	48	SC	72	139	4.885266	0.875000	7
CA	26	49	CA	30	57	5.152459	0.333333	1
CA	26	49	SC	30	58	6.708506	0.666667	2
CA	26	49	SC	33	64	5.651551	0.400000	2
CA	26	49	CA	41	78	5.560784	0.111111	1
CA	26	49	SC	41	79	4.083366	0.333333	3
CA	26	49	SC	58	113	6.747787	0.200000	1
SC	26	50	SC	33	64	5.713559	0.600000	3
SC	26	50	CA	41	78	5.044209	0.222222	2
SC	26	50	SC	41	79	4.409935	0.333333	3
SC	26	50	CA	44	84	6.374909	0.166667	1
SC	26	50	SC	44	85	4.928437	0.833333	5
SC	26	50	SC	46	89	6.003266	1.000000	2
SC	26	50	CA	58	112	6.752190	0.200000	1
SC	26	50	SC	58	113	5.208494	0.600000	3
SC	26	50	SC	60	117	5.624373	1.000000	4
SC	26	50	SC	70	135	4.712428	1.000000	2
SC	26	50	SC	72	139	7.410899	1.000000	2
CA	27	51	CA	31	59	7.951707	1.000000	1
CA	27	51	SC	41	79	4.584752	0.500000	1
SC	27	52	SC	41	79	6.523653	0.500000	1
CA	28	53	CA	32	61	8.332014	0.500000	1
CA	28	53	SC	32	62	8.157033	0.500000	1
CA	29	55	CA	33	63	6.039635	0.166667	1
CA	29	55	SC	33	64	5.415971	0.500000	3
CA	29	55	SC	81	157	5.405388	0.285714	2
SC	29	56	SC	33	64	7.428736	0.333333	2
SC	29	56	SC	56	109	7.663178	1.000000	1
SC	29	56	SC	72	139	3.971466	1.000000	3
SC	29	56	CA	73	140	7.964149	1.000000	1
SC	29	56	CA	79	152	8.913080	1.000000	1
SC	29	56	CA	80	154	6.082313	1.000000	1
SC	29	56	CA	81	156	5.221325	0.142857	1
SC	29	56	SC	81	157	5.322507	0.571429	4
CA	30	57	CA	34	65	5.758874	0.333333	1
CA	30	57	SC	34	66	7.520583	0.333333	1
CA	30	57	CA	35	67	8.115833	1.000000	1
CA	30	57	CA	39	74	7.511877	0.750000	3
CA	30	57	SC	41	79	4.179793	0.125000	1
SC	30	58	SC	34	66	7.437114	0.333333	1
SC	30	58	CA	39	74	7.830358	0.250000	1
SC	30	58	CA	40	76	5.780402	0.666667	2
SC	30	58	SC	40	77	6.218395	0.333333	1
SC	30	58	CA	41	78	5.282125	0.250000	2
SC	30	58	SC	41	79	4.115127	0.625000	5
SC	30	58	CA	42	80	6.632191	0.500000	1
SC	30	58	SC	42	81	8.529225	0.500000	1
CA	31	59	CA	35	67	5.740119	0.250000	1
CA	31	59	SC	35	68	6.590806	0.250000	1
SC	31	60	SC	35	68	6.045312	0.500000	2
CA	32	61	CA	36	69	5.790342	0.111111	1
CA	32	61	SC	36	70	4.338913	0.444444	4
CA	32	61	CA	37	71	8.007787	0.500000	1
CA	32	61	SC	37	72	7.747393	0.500000	1
CA	32	61	CA	38	73	8.518965	1.000000	1
SC	32	62	SC	36	70	4.748090	0.444444	4
SC	32	62	CA	79	152	7.923152	1.000000	2
SC	32	62	CA	80	154	4.688992	0.333333	1
SC	32	62	SC	80	155	5.531337	0.666667	2
SC	32	62	CA	81	156	5.263623	0.500000	3
SC	32	62	SC	81	157	4.594467	0.500000	3
CA	33	63	CA	37	71	5.543637	0.166667	1
CA	33	63	SC	37	72	5.181750	0.500000	3
CA	33	63	CA	38	73	6.179476	1.000000	1
CA	33	63	CA	39	74	5.890697	0.142857	1
CA	33	63	SC	39	75	5.530407	0.285714	2
CA	33	63	SC	81	157	4.857209	0.750000	3
SC	33	64	SC	37	72	6.035592	0.333333	2
SC	33	64	CA	39	74	5.998576	0.285714	2
SC	33	64	SC	39	75	5.161244	0.285714	2
SC	33	64	SC	41	79	5.254341	1.000000	3
SC	33	64	SC	44	85	6.898976	1.000000	2
SC	33	64	SC	70	135	4.902634	1.000000	3
SC	33	64	SC	72	139	7.865142	1.000000	2
SC	33	64	SC	81	157	4.830961	0.250000	1
SC	33	64	SC	84	162	7.734036	1.000000	1
CA	34	65	CA	38	73	3.648870	0.600000	3
CA	34	65	CA	39	74	4.576730	0.400000	2
SC	34	66	CA	38	73	4.465246	0.400000	2
SC	34	66	CA	39	74	5.924760	0.600000	3
SC	36	70	SC	80	155	5.692800	1.000000	2
SC	36	70	CA	81	156	6.354266	0.333333	2
SC	36	70	SC	81	157	4.959996	0.666667	4
SC	36	70	CA	82	158	6.501499	1.000000	2
SC	37	72	SC	70	135	7.065644	1.000000	1
SC	37	72	CA	81	156	8.909753	0.250000	1
SC	37	72	SC	81	157	6.432820	0.750000	3
SC	37	72	CA	82	158	8.289216	1.000000	1
SC	37	72	CA	83	160	5.788682	1.000000	3
SC	37	72	CA	84	161	6.471529	0.250000	1
SC	37	72	SC	84	162	3.904371	0.750000	3
SC	37	72	CA	96	184	9.573578	0.500000	1
SC	37	72	SC	96	185	7.880134	0.500000	1
SC	39	75	SC	44	85	5.632397	1.000000	3
SC	39	75	SC	70	135	6.809626	1.000000	2
CA	40	76	CA	44	84	6.910465	0.200000	1
CA	40	76	SC	44	85	5.823519	0.800000	4
SC	41	79	SC	70	135	7.340290	1.000000	1
CA	43	82	CA	61	118	9.036713	0.500000	1
SC	43	83	CA	61	118	8.400465	0.500000	1
SC	43	83	CA	62	120	6.702242	1.000000	1
SC	43	83	CA	63	122	5.788745	1.000000	1
CA	44	84	CA	61	118	6.113223	0.500000	1
CA	44	84	CA	62	120	5.438413	0.500000	2
SC	44	85	SC	60	117	4.617311	1.000000	7
SC	44	85	CA	61	118	6.859774	0.500000	1
SC	44	85	CA	62	120	5.299735	0.500000	2
SC	44	85	SC	70	135	5.699861	1.000000	2
CA	45	86	CA	59	114	8.538930	1.000000	1
CA	45	86	CA	60	116	5.173181	0.333333	1
CA	45	86	SC	60	117	5.330325	0.666667	2
CA	45	86	CA	61	118	4.947774	0.363636	4
CA	45	86	SC	61	119	6.016074	0.090909	1
SC	45	87	CA	61	118	5.446738	0.181818	2
SC	45	87	SC	61	119	4.851928	0.363636	4
CA	46	88	CA	59	114	5.924926	0.333333	1
CA	46	88	CA	60	116	4.060643	0.166667	1
CA	46	88	SC	60	117	4.440832	0.333333	2
SC	46	89	SC	58	113	5.014227	1.000000	3
SC	46	89	CA	59	114	6.402492	0.666667	2
SC	46	89	CA	60	116	5.373593	0.166667	1
SC	46	89	SC	60	117	5.004091	0.333333	2
CA	47	90	SC	58	113	8.044445	1.000000	1
CA	47	90	CA	59	114	5.280417	0.166667	1
CA	47	90	CA	60	116	5.051052	0.200000	1
CA	47	90	SC	60	117	6.504024	0.200000	1
SC	47	91	CA	59	114	5.103791	0.333333	2
SC	47	91	SC	59	115	5.406711	0.500000	3
SC	47	91	CA	60	116	4.107458	0.600000	3
SC	47	91	CA	61	118	4.848541	0.400000	2
SC	47	91	SC	61	119	5.941768	0.600000	3
SC	47	91	SC	67	129	5.006896	1.000000	5
CA	48	92	CA	57	110	8.165996	0.333333	1
CA	48	92	CA	58	112	5.813929	0.333333	1
CA	48	92	SC	58	113	6.598857	0.666667	2
CA	48	92	CA	59	114	4.859956	0.444444	4
CA	48	92	SC	59	115	4.385302	0.222222	2
CA	48	92	SC	69	133	7.477765	0.500000	1
SC	48	93	CA	57	110	8.046315	0.666667	2
SC	48	93	SC	59	115	5.101825	0.333333	3
SC	48	93	SC	69	133	6.594030	0.500000	1
CA	49	94	CA	57	110	6.375098	0.500000	1
CA	49	94	CA	58	112	4.359306	0.125000	1
CA	49	94	SC	58	113	4.457139	0.375000	3
SC	49	95	SC	56	109	8.306852	1.000000	1
SC	49	95	CA	57	110	7.428912	0.500000	1
SC	49	95	CA	58	112	5.094385	0.125000	1
SC	49	95	SC	58	113	4.374759	0.375000	3
SC	49	95	CA	59	114	7.275758	1.000000	1
CA	50	96	CA	55	106	9.280794	1.000000	1
CA	50	96	CA	56	108	6.260028	0.333333	1
CA	50	96	SC	56	109	7.219342	0.666667	2
CA	50	96	CA	57	110	5.074503	0.500000	3
CA	50	96	SC	57	111	7.678038	0.166667	1
CA	50	96	CA	58	112	5.682257	0.333333	1
CA	50	96	SC	58	113	6.390427	0.666667	2
CA	50	96	CA	59	114	7.849215	1.000000	1
SC	50	97	CA	57	110	6.023606	0.166667	1
SC	50	97	SC	57	111	8.235595	0.166667	1
CA	51	98	CA	55	106	5.919358	0.333333	1
CA	51	98	CA	57	110	4.510160	0.250000	1
CA	51	98	SC	57	111	5.379144	0.500000	2
SC	51	99	CA	55	106	6.340878	0.666667	2
SC	51	99	CA	56	108	5.285360	0.250000	1
SC	51	99	SC	56	109	5.288176	0.750000	3
SC	51	99	CA	57	110	7.191448	0.250000	1
SC	51	99	SC	74	143	5.511114	1.000000	2
CA	52	100	CA	56	108	6.450853	1.000000	1
CA	52	100	SC	57	111	5.728314	0.333333	1
CA	52	100	SC	74	143	7.466153	1.000000	1
SC	52	101	SC	57	111	4.822431	0.666667	2
CA	53	102	SC	57	111	7.887354	1.000000	1
CA	53	102	SC	74	143	5.844222	1.000000	2
CA	53	102	SC	76	147	7.655025	1.000000	1
CA	54	104	CA	72	138	8.429101	1.000000	1
CA	54	104	CA	73	140	5.866855	0.333333	1
CA	54	104	SC	73	141	6.952370	0.333333	1
CA	54	104	CA	74	142	5.350493	0.333333	2
CA	54	104	SC	74	143	4.292537	0.500000	3
CA	54	104	CA	76	146	6.111926	0.083333	1
CA	54	104	SC	76	147	4.183323	0.250000	3
SC	54	105	SC	73	141	7.893417	0.333333	1
SC	54	105	CA	74	142	8.659066	0.166667	1
SC	54	105	CA	76	146	6.052364	0.083333	1
SC	54	105	SC	76	147	4.742786	0.583333	7
CA	55	106	CA	72	138	5.222302	0.666667	2
CA	55	106	CA	73	140	4.052068	0.125000	1
CA	55	106	SC	73	141	7.081544	0.125000	1
CA	55	106	CA	74	142	5.124757	0.200000	1
CA	55	106	SC	74	143	4.341311	0.600000	3
SC	55	107	CA	71	136	6.369864	0.333333	2
SC	55	107	SC	71	137	4.941077	0.666667	4
SC	55	107	CA	72	138	6.607163	0.333333	1
SC	55	107	CA	73	140	4.294505	0.250000	2
SC	55	107	SC	73	141	4.787515	0.500000	4
SC	55	107	CA	74	142	6.844773	0.200000	1
SC	55	107	SC	82	159	5.780729	1.000000	1
CA	56	108	CA	69	132	8.676038	1.000000	1
CA	56	108	CA	70	134	7.028150	0.500000	1
CA	56	108	CA	71	136	5.213787	0.333333	1
CA	56	108	SC	71	137	7.574715	0.666667	2
CA	56	108	CA	72	138	4.537130	0.307692	4
CA	56	108	SC	72	139	4.983779	0.153846	2
SC	56	109	CA	70	134	9.747179	0.500000	1
SC	56	109	CA	72	138	6.343317	0.230769	3
SC	56	109	SC	72	139	5.517751	0.307692	4
SC	56	109	CA	74	142	6.281606	0.333333	1
SC	56	109	SC	74	143	4.350861	0.666667	2
CA	57	110	CA	69	132	5.248592	0.111111	1
CA	57	110	SC	69	133	4.945168	0.222222	2
CA	57	110	CA	70	134	5.055032	0.500000	1
CA	57	110	CA	71	136	4.768896	0.166667	1
SC	57	111	CA	69	132	6.850561	0.222222	2
SC	57	111	SC	69	133	5.592799	0.444444	4
SC	57	111	CA	70	134	7.007621	0.500000	1
SC	57	111	CA	71	136	4.813661	0.166667	1
SC	57	111	SC	71	137	5.349275	0.666667	4
SC	57	111	CA	85	163	6.421058	0.333333	1
SC	57	111	SC	85	164	6.154514	0.666667	2
SC	57	111	CA	94	181	9.015219	1.000000	2
CA	58	112	CA	68	130	7.568239	1.000000	1
CA	58	112	CA	69	132	4.620011	1.000000	2
CA	58	112	CA	70	134	4.605870	0.333333	4
CA	58	112	SC	70	135	6.377836	0.250000	3
SC	58	113	CA	70	134	5.161565	0.250000	3
SC	58	113	SC	70	135	6.092267	0.166667	2
SC	58	113	SC	72	139	6.825056	1.000000	1
CA	59	114	CA	67	128	6.301443	0.500000	1
CA	59	114	CA	68	130	5.341826	1.000000	1
CA	59	114	CA	69	132	3.628145	0.166667	1
CA	59	114	SC	69	133	4.804373	0.333333	2
SC	59	115	CA	67	128	6.889698	0.500000	1
SC	59	115	SC	69	133	3.820157	0.500000	3
CA	60	116	CA	66	126	8.142456	0.333333	1
CA	60	116	SC	66	127	8.799113	0.333333	1
CA	60	116	CA	67	128	5.214935	0.500000	1
CA	60	116	SC	67	129	6.666932	0.500000	1
CA	60	116	CA	68	130	5.401238	0.571429	4
CA	60	116	SC	70	135	6.803735	0.200000	1
SC	60	117	CA	66	126	8.892842	0.333333	1
SC	60	117	CA	68	130	5.673217	0.285714	2
SC	60	117	SC	68	131	6.629838	0.142857	1
SC	60	117	CA	70	134	6.335214	0.200000	1
SC	60	117	SC	70	135	5.171626	0.600000	3
CA	61	118	CA	66	126	5.941499	0.500000	1
CA	61	118	CA	67	128	4.375752	0.142857	1
CA	61	118	SC	67	129	4.821258	0.285714	2
SC	61	119	CA	65	125	5.432766	1.000000	4
SC	61	119	CA	66	126	6.070234	0.500000	1
SC	61	119	CA	67	128	5.540265	0.142857	1
SC	61	119	SC	67	129	4.504499	0.428571	3
CA	62	120	CA	66	126	5.583678	0.200000	1
CA	62	120	CA	68	130	6.871799	0.333333	1
SC	62	121	CA	66	126	4.906905	0.400000	2
SC	62	121	SC	66	127	6.077868	0.400000	2
SC	62	121	CA	68	130	6.229036	0.333333	1
SC	62	121	SC	68	131	6.565359	0.333333	1
CA	65	125	SC	88	170	6.510843	1.000000	2
CA	66	126	SC	88	170	4.720191	0.400000	2
SC	66	127	CA	86	165	4.749159	0.250000	1
SC	66	127	SC	86	166	4.600829	0.750000	3
SC	66	127	CA	87	167	4.541428	0.500000	1
SC	66	127	SC	87	168	8.307997	0.500000	1
SC	66	127	CA	88	169	5.505380	0.200000	1
SC	66	127	SC	88	170	4.868730	0.400000	2
CA	67	128	CA	85	163	9.016891	1.000000	1
CA	67	128	CA	86	165	6.205095	1.000000	1
CA	67	128	CA	87	167	6.762200	1.000000	1
CA	67	128	CA	88	169	5.451502	0.111111	1
CA	67	128	SC	88	170	5.234355	0.333333	3
SC	67	129	SC	88	170	5.364441	0.555556	5
CA	68	130	CA	85	163	5.645473	1.000000	1
CA	68	130	CA	86	165	3.566241	0.125000	1
SC	68	131	CA	84	161	4.536390	0.200000	1
SC	68	131	SC	84	162	4.281081	0.800000	4
SC	68	131	CA	86	165	3.166665	0.375000	3
SC	68	131	SC	86	166	2.358608	0.500000	4
CA	69	132	CA	84	161	5.597254	0.500000	1
CA	69	132	SC	84	162	8.057073	0.500000	1
CA	69	132	CA	85	163	4.562464	0.363636	4
CA	69	132	SC	85	164	6.672278	0.090909	1
SC	69	133	CA	85	163	5.850221	0.272727	3
SC	69	133	SC	85	164	6.028318	0.272727	3
CA	70	134	CA	83	160	6.595875	0.500000	1
CA	70	134	CA	84	161	3.751802	0.250000	1
CA	70	134	SC	84	162	6.720614	0.250000	1
SC	70	135	SC	81	157	6.696799	1.000000	2
SC	70	135	CA	83	160	7.567777	0.500000	1
SC	70	135	SC	84	162	5.968780	0.500000	2
CA	71	136	CA	81	156	6.735267	0.250000	1
CA	71	136	SC	81	157	6.817333	0.750000	3
CA	71	136	CA	82	158	6.516095	0.142857	1
CA	71	136	SC	82	159	6.444828	0.142857	1
CA	71	136	CA	83	160	4.938680	0.600000	3
CA	71	136	CA	84	161	3.914972	0.333333	1
CA	71	136	CA	85	163	5.539186	0.111111	1
CA	71	136	CA	96	184	7.685015	0.142857	1
SC	71	137	CA	82	158	5.609958	0.142857	1
SC	71	137	SC	82	159	4.635481	0.571429	4
SC	71	137	CA	83	160	4.251620	0.400000	2
SC	71	137	CA	84	161	4.653320	0.666667	2
SC	71	137	CA	85	163	5.308322	0.333333	3
SC	71	137	SC	85	164	6.230446	0.555556	5
SC	71	137	CA	94	181	8.160930	1.000000	2
SC	71	137	CA	96	184	4.693023	0.571429	4
SC	71	137	SC	96	185	6.080640	0.285714	2
CA	72	138	CA	81	156	4.154909	0.111111	1
CA	72	138	SC	81	157	5.298244	0.222222	2
CA	72	138	CA	82	158	5.793227	1.000000	1
SC	72	139	CA	80	154	7.584153	1.000000	1
SC	72	139	CA	81	156	4.883337	0.111111	1
SC	72	139	SC	81	157	5.262194	0.555556	5
SC	72	139	CA	83	160	7.863497	1.000000	1
CA	73	140	CA	78	150	7.051353	0.100000	1
CA	73	140	SC	78	151	5.993293	0.100000	1
CA	73	140	CA	80	154	6.777837	0.500000	1
CA	73	140	CA	81	156	4.847264	0.666667	2
CA	73	140	CA	82	158	5.089203	0.166667	2
CA	73	140	SC	82	159	4.760741	0.083333	1
CA	73	140	CA	83	160	7.246855	1.000000	1
SC	73	141	SC	77	149	4.931448	1.000000	4
SC	73	141	CA	78	150	5.805803	0.400000	4
SC	73	141	SC	78	151	4.410296	0.400000	4
SC	73	141	CA	80	154	8.540815	0.500000	1
SC	73	141	CA	81	156	7.724290	0.333333	1
SC	73	141	CA	82	158	5.757647	0.083333	1
SC	73	141	SC	82	159	4.391342	0.666667	8
CA	74	142	CA	78	150	7.043228	0.666667	2
CA	74	142	SC	78	151	7.014074	0.333333	1
CA	74	142	CA	80	154	7.106523	1.000000	2
CA	75	144	CA	79	152	5.030957	0.500000	1
CA	75	144	CA	80	154	6.508400	1.000000	1
SC	75	145	CA	79	152	4.098918	0.500000	1
SC	78	151	CA	82	158	5.811421	0.250000	1
SC	78	151	SC	82	159	5.844357	0.750000	3
CA	82	158	CA	96	184	7.482146	0.333333	1
SC	82	159	CA	96	184	6.435763	0.666667	2
CA	83	160	CA	96	184	5.487983	0.333333	1
CA	83	160	SC	96	185	5.648307	0.666667	2
CA	84	161	CA	96	184	6.292584	0.222222	2
CA	84	161	SC	96	185	4.978026	0.333333	3
SC	84	162	SC	96	185	5.467618	0.444444	4
CA	85	163	SC	96	185	4.690864	0.500000	2
SC	85	164	SC	91	176	4.838562	1.000000	4
SC	85	164	CA	92	177	7.644820	1.000000	1
SC	85	164	CA	93	179	6.273771	0.666667	2
SC	85	164	SC	93	180	7.444356	0.333333	1
SC	85	164	CA	94	181	5.559915	0.750000	3
SC	85	164	SC	94	182	7.046674	0.250000	1
SC	85	164	CA	95	183	6.198160	1.000000	2
SC	85	164	SC	96	185	6.077132	0.500000	2
CA	86	165	SC	91	176	7.443400	1.000000	2
CA	86	165	SC	96	185	5.774753	0.400000	2
SC	86	166	SC	96	185	5.458636	0.600000	3
CA	87	167	CA	91	175	5.380118	0.142857	1
CA	87	167	SC	91	176	6.070665	0.285714	2
SC	87	168	CA	91	175	3.698895	0.285714	2
SC	87	168	SC	91	176	5.591165	0.285714	2
SC	87	168	CA	92	177	5.170908	0.250000	1
SC	87	168	SC	92	178	6.519132	0.750000	3
SC	87	168	CA	93	179	6.110669	0.500000	2
SC	87	168	SC	93	180	5.653822	0.500000	2
SC	87	168	SC	96	185	7.466484	1.000000	4
